% logfile for Python side
% 1 time (sec)
% 2 Mission state
% 3,4,5 (x,y,h) (m,m,rad)
% 6 Camera frame count
% 7-9 Line sensor: line position, e*kp, control y (rad/s), validCnt
%     Line sensor: Kp=3.0, tau_z=0.75s, tau_p=0.2s
% 10,11 trip A (distance and heading change)
% 12,13 trip B (distance and heading change)
% 14,15 side and front ir distance values
% 1745321010.699538 robobot/cmd/ti/log 1
% 1745321010.6996326 robobot/cmd/ti/alive 2025-04-22 13:23:30.677601
1745321010.7429588 0 0.026 -0.000 -0.009 0 0.00 0.000 0.000 0 0.000 -0.009 0.0000 -0.0093 0 0 
1745321010.743332 0 0.026 -0.000 -0.009 0 0.00 0.000 0.000 0 0.000 -0.009 0.0000 -0.0093 0.515 0.415 
1745321010.7436302 0 0.026 -0.000 -0.009 0 0.00 0.000 0.000 0 0.000 -0.009 0.0000 -0.0093 0.515 0.415 
1745321010.7565234 0 0.026 -0.000 -0.009 0 0.00 0.000 0.000 0 0.000 -0.009 0.0000 -0.0093 0.514 0.413 
1745321010.7718756 0 0.026 -0.000 -0.009 0 0.00 0.000 0.000 0 0.000 -0.009 0.0000 -0.0093 0.514 0.413 
1745321010.7859879 0 0.026 -0.000 -0.009 0 0.00 0.000 0.000 0 0.000 -0.009 0.0000 -0.0093 0.497 0.416 
1745321010.8012488 0 0.026 -0.000 -0.009 0 0.00 0.000 0.000 0 0.000 -0.009 0.0000 -0.0093 0.497 0.416 
1745321010.8165667 0 0.026 -0.000 -0.009 0 0.00 0.000 0.000 0 0.000 -0.009 0.0000 -0.0093 0.499 0.416 
1745321010.8317497 0 0.026 -0.000 -0.009 0 0.00 0.000 0.000 0 0.000 -0.009 0.0000 -0.0093 0.499 0.416 
1745321010.8459156 0 0.026 -0.000 -0.009 0 0.00 0.000 0.000 0 0.000 -0.009 0.0000 -0.0093 0.514 0.416 
1745321010.8611865 0 0.026 -0.000 -0.009 0 0.00 0.000 0.000 0 0.000 -0.009 0.0000 -0.0093 0.514 0.416 
1745321010.8763921 0 0.026 -0.000 -0.009 0 0.00 0.000 0.000 0 0.000 -0.009 0.0000 -0.0093 0.515 0.416 
1745321010.8915677 0 0.026 -0.000 -0.009 0 0.00 0.000 0.000 0 0.000 -0.009 0.0000 -0.0093 0.515 0.416 
1745321010.9068937 0 0.026 -0.000 -0.009 0 0.00 0.000 0.000 0 0.000 -0.009 0.0000 -0.0093 0.517 0.417 
1745321010.9210274 0 0.026 -0.000 -0.009 0 0.00 0.000 0.000 0 0.000 -0.009 0.0000 -0.0093 0.517 0.417 
1745321010.936609 0 0.026 -0.000 -0.009 0 0.00 0.000 0.000 0 0.000 -0.009 0.0000 -0.0093 0.517 0.417 
1745321010.9509432 0 0.026 -0.000 -0.009 0 0.00 0.000 0.000 0 0.000 -0.009 0.0000 -0.0093 0.517 0.417 
1745321010.966355 0 0.026 -0.000 -0.009 0 0.00 0.000 0.000 0 0.000 -0.009 0.0000 -0.0093 0.512 0.416 
1745321010.9816628 0 0.026 -0.000 -0.009 0 0.00 0.000 0.000 0 0.000 -0.009 0.0000 -0.0093 0.512 0.416 
1745321010.9971902 0 0.026 -0.000 -0.009 0 0.00 0.000 0.000 0 0.000 -0.009 0.0000 -0.0093 0.491 0.416 
1745321011.0113373 0 0.026 -0.000 -0.009 0 0.00 0.000 0.000 0 0.000 -0.009 0.0000 -0.0093 0.491 0.416 
1745321011.026518 0 0.026 -0.000 -0.009 0 0.00 0.000 0.000 0 0.000 -0.009 0.0000 -0.0093 0.488 0.416 
1745321011.041756 0 0.026 -0.000 -0.009 0 0.00 0.000 0.000 0 0.000 -0.009 0.0000 -0.0093 0.488 0.416 
1745321011.0570238 0 0.026 -0.000 -0.009 0 0.00 0.000 0.000 0 0.000 -0.009 0.0000 -0.0093 0.486 0.416 
1745321011.0712333 0 0.026 -0.000 -0.009 0 0.00 0.000 0.000 0 0.000 -0.009 0.0000 -0.0093 0.486 0.416 
1745321011.0866854 0 0.026 -0.000 -0.009 0 0.00 0.000 0.000 0 0.000 -0.009 0.0000 -0.0093 0.489 0.417 
1745321011.1018014 0 0.026 -0.000 -0.009 0 0.00 0.000 0.000 0 0.000 -0.009 0.0000 -0.0093 0.489 0.417 
1745321011.1171782 0 0.026 -0.000 -0.009 0 0.00 0.000 0.000 0 0.000 -0.009 0.0000 -0.0093 0.487 0.414 
1745321011.1318948 0 0.026 -0.000 -0.009 0 0.00 0.000 0.000 0 0.000 -0.009 0.0000 -0.0093 0.487 0.414 
1745321011.1470628 0 0.026 -0.000 -0.009 0 0.00 0.000 0.000 0 0.000 -0.009 0.0000 -0.0093 0.487 0.416 
1745321011.1622696 0 0.026 -0.000 -0.009 0 0.00 0.000 0.000 0 0.000 -0.009 0.0000 -0.0093 0.487 0.416 
1745321011.176702 0 0.026 -0.000 -0.009 0 0.00 0.000 0.000 0 0.000 -0.009 0.0000 -0.0093 0.491 0.417 
1745321011.1919322 0 0.026 -0.000 -0.009 0 0.00 0.000 0.000 0 0.000 -0.009 0.0000 -0.0093 0.491 0.417 
% 1745321011.2005508 robobot/cmd/ti/alive 2025-04-22 13:23:30.677601
1745321011.2072773 0 0.026 -0.000 -0.009 0 0.00 0.000 0.000 0 0.000 -0.009 0.0000 -0.0093 0.488 0.417 
1745321011.222549 0 0.026 -0.000 -0.009 0 0.00 0.000 0.000 0 0.000 -0.009 0.0000 -0.0093 0.488 0.417 
% 1745321011.2323165 robobot/cmd/T0/enc0  
% 1745321011.2324092 robobot/cmd/T0/confw 0.074 0.074 19 92 0.23
% 1745321011.2325637 robobot/cmd/T0/confi  
1745321011.2371342 0 0.000 0.000 0.000 0 0.00 0.000 0.000 0 0.000 0.000 0.0000 0.0000 0.493 0.416 
1745321011.2523186 0 0.000 0.000 0.000 0 0.00 0.000 0.000 0 0.000 0.000 0.0000 0.0000 0.493 0.416 
% 1745321011.252801 robobot/cmd/T0/sub gyro 15
% 1745321011.2529173 robobot/cmd/T0/sub acc 15
1745321011.2667131 0 0.000 0.000 0.000 0 0.00 0.000 0.000 0 0.000 0.000 0.0000 0.0000 0.51 0.415 
1745321011.2819238 0 0.000 0.000 0.000 0 0.00 0.000 0.000 0 0.000 0.000 0.0000 0.0000 0.51 0.415 
1745321011.2970793 0 0.000 0.000 0.000 0 0.00 0.000 0.000 0 0.000 0.000 0.0000 0.0000 0.492 0.416 
1745321011.3125658 0 0.000 0.000 0.000 0 0.00 0.000 0.000 0 0.000 0.000 0.0000 0.0000 0.492 0.416 
1745321011.3267467 0 0.000 0.000 0.000 0 0.00 0.000 0.000 0 0.000 0.000 0.0000 0.0000 0.505 0.416 
1745321011.3420763 0 0.000 0.000 0.000 0 0.00 0.000 0.000 0 0.000 0.000 0.0000 0.0000 0.505 0.416 
1745321011.3573864 0 0.000 0.000 0.000 0 0.00 0.000 0.000 0 0.000 0.000 0.0000 0.0000 0.505 0.415 
1745321011.3717153 0 0.000 0.000 0.000 0 0.00 0.000 0.000 0 0.000 0.000 0.0000 0.0000 0.505 0.415 
1745321011.3869991 0 0.000 0.000 0.000 0 0.00 0.000 0.000 0 0.000 0.000 0.0000 0.0000 0.491 0.416 
1745321011.402191 0 0.000 0.000 0.000 0 0.00 0.000 0.000 0 0.000 0.000 0.0000 0.0000 0.491 0.416 
1745321011.4174273 0 0.000 0.000 0.000 0 0.00 0.000 0.000 0 0.000 0.000 0.0000 0.0000 0.491 0.416 
1745321011.4327629 0 0.000 0.000 0.000 0 0.00 0.000 0.000 0 0.000 0.000 0.0000 0.0000 0.491 0.416 
1745321011.4468987 0 0.000 0.000 0.000 0 0.00 0.000 0.000 0 0.000 0.000 0.0000 0.0000 0.488 0.415 
1745321011.4621391 0 0.000 0.000 0.000 0 0.00 0.000 0.000 0 0.000 0.000 0.0000 0.0000 0.488 0.415 
1745321011.4773724 0 0.000 0.000 0.000 0 0.00 0.000 0.000 0 0.000 0.000 0.0000 0.0000 0.491 0.418 
1745321011.4925508 0 0.000 0.000 0.000 0 0.00 0.000 0.000 0 0.000 0.000 0.0000 0.0000 0.491 0.418 
1745321011.5068815 0 0.000 0.000 0.000 0 0.00 0.000 0.000 0 0.000 0.000 0.0000 0.0000 0.491 0.416 
1745321011.5221825 0 0.000 0.000 0.000 0 0.00 0.000 0.000 0 0.000 0.000 0.0000 0.0000 0.491 0.416 
1745321011.537729 0 0.000 0.000 0.000 0 0.00 0.000 0.000 0 0.000 0.000 0.0000 0.0000 0.489 0.416 
1745321011.5518398 0 0.000 0.000 0.000 0 0.00 0.000 0.000 0 0.000 0.000 0.0000 0.0000 0.489 0.416 
1745321011.567325 0 0.000 0.000 0.000 0 0.00 0.000 0.000 0 0.000 0.000 0.0000 0.0000 0.509 0.416 
1745321011.582477 0 0.000 0.000 0.000 0 0.00 0.000 0.000 0 0.000 0.000 0.0000 0.0000 0.509 0.416 
1745321011.59775 0 0.000 0.000 0.000 0 0.00 0.000 0.000 0 0.000 0.000 0.0000 0.0000 0.494 0.415 
1745321011.611878 0 0.000 0.000 0.000 0 0.00 0.000 0.000 0 0.000 0.000 0.0000 0.0000 0.494 0.415 
1745321011.627065 0 0.000 0.000 0.000 0 0.00 0.000 0.000 0 0.000 0.000 0.0000 0.0000 0.501 0.417 
1745321011.6427243 0 0.000 0.000 0.000 0 0.00 0.000 0.000 0 0.000 0.000 0.0000 0.0000 0.501 0.417 
1745321011.6572108 0 0.000 0.000 0.000 0 0.00 0.000 0.000 0 0.000 0.000 0.0000 0.0000 0.513 0.416 
1745321011.6724885 0 0.000 0.000 0.000 0 0.00 0.000 0.000 0 0.000 0.000 0.0000 0.0000 0.513 0.416 
1745321011.6877725 0 0.000 0.000 0.000 0 0.00 0.000 0.000 0 0.000 0.000 0.0000 0.0000 0.495 0.416 
% 1745321011.7015622 robobot/cmd/ti/alive 2025-04-22 13:23:30.677601
1745321011.7029576 0 0.000 0.000 0.000 0 0.00 0.000 0.000 0 0.000 0.000 0.0000 0.0000 0.495 0.416 
1745321011.7171118 0 0.000 0.000 0.000 0 0.00 0.000 0.000 0 0.000 0.000 0.0000 0.0000 0.493 0.416 
1745321011.732355 0 0.000 0.000 0.000 0 0.00 0.000 0.000 0 0.000 0.000 0.0000 0.0000 0.493 0.416 
1745321011.7478623 0 0.000 0.000 0.000 0 0.00 0.000 0.000 0 0.000 0.000 0.0000 0.0000 0.491 0.415 
1745321011.7629864 0 0.000 0.000 0.000 0 0.00 0.000 0.000 0 0.000 0.000 0.0000 0.0000 0.491 0.415 
1745321011.777368 0 0.000 0.000 0.000 0 0.00 0.000 0.000 0 0.000 0.000 0.0000 0.0000 0.49 0.416 
1745321011.792541 0 0.000 0.000 0.000 0 0.00 0.000 0.000 0 0.000 0.000 0.0000 0.0000 0.49 0.416 
1745321011.80798 0 0.000 0.000 0.000 0 0.00 0.000 0.000 0 0.000 0.000 0.0000 0.0000 0.489 0.416 
1745321011.8232677 0 0.000 0.000 0.000 0 0.00 0.000 0.000 0 0.000 0.000 0.0000 0.0000 0.489 0.416 
1745321011.838546 0 0.000 0.000 0.000 0 0.00 0.000 0.000 0 0.000 0.000 0.0000 0.0000 0.487 0.415 
1745321011.853707 0 0.000 0.000 0.000 0 0.00 0.000 0.000 0 0.000 0.000 0.0000 0.0000 0.487 0.415 
1745321011.8679368 0 0.000 0.000 0.000 0 0.00 0.000 0.000 0 0.000 0.000 0.0000 0.0000 0.488 0.415 
1745321011.8836186 0 0.000 0.000 0.000 0 0.00 0.000 0.000 0 0.000 0.000 0.0000 0.0000 0.488 0.415 
1745321011.898194 0 0.000 0.000 0.000 0 0.00 0.000 0.000 0 0.000 0.000 0.0000 0.0000 0.496 0.412 
1745321011.9133737 0 0.000 0.000 0.000 0 0.00 0.000 0.000 0 0.000 0.000 0.0000 0.0000 0.496 0.412 
1745321011.9285264 0 0.000 0.000 0.000 0 0.00 0.000 0.000 0 0.000 0.000 0.0000 0.0000 0.513 0.415 
1745321011.943086 0 0.000 0.000 0.000 0 0.00 0.000 0.000 0 0.000 0.000 0.0000 0.0000 0.513 0.415 
1745321011.9579964 0 0.000 0.000 0.000 0 0.00 0.000 0.000 0 0.000 0.000 0.0000 0.0000 0.49 0.413 
1745321011.9731674 0 0.000 0.000 0.000 0 0.00 0.000 0.000 0 0.000 0.000 0.0000 0.0000 0.49 0.413 
1745321011.9885502 0 0.000 0.000 0.000 0 0.00 0.000 0.000 0 0.000 0.000 0.0000 0.0000 0.506 0.414 
1745321012.0035925 0 0.000 0.000 0.000 0 0.00 0.000 0.000 0 0.000 0.000 0.0000 0.0000 0.506 0.414 
1745321012.017768 0 0.000 0.000 0.000 0 0.00 0.000 0.000 0 0.000 0.000 0.0000 0.0000 0.515 0.417 
1745321012.0329971 0 0.000 0.000 0.000 0 0.00 0.000 0.000 0 0.000 0.000 0.0000 0.0000 0.515 0.417 
1745321012.048207 0 0.000 0.000 0.000 0 0.00 0.000 0.000 0 0.000 0.000 0.0000 0.0000 0.517 0.416 
1745321012.0633972 0 0.000 0.000 0.000 0 0.00 0.000 0.000 0 0.000 0.000 0.0000 0.0000 0.517 0.416 
1745321012.0786257 0 0.000 0.000 0.000 0 0.00 0.000 0.000 0 0.000 0.000 0.0000 0.0000 0.514 0.417 
1745321012.0928273 0 0.000 0.000 0.000 0 0.00 0.000 0.000 0 0.000 0.000 0.0000 0.0000 0.514 0.417 
1745321012.1080713 0 0.000 0.000 0.000 0 0.00 0.000 0.000 0 0.000 0.000 0.0000 0.0000 0.516 0.417 
1745321012.1232247 0 0.000 0.000 0.000 0 0.00 0.000 0.000 0 0.000 0.000 0.0000 0.0000 0.516 0.417 
1745321012.1387045 0 0.000 0.000 0.000 0 0.00 0.000 0.000 0 0.000 0.000 0.0000 0.0000 0.497 0.416 
1745321012.153664 0 0.000 0.000 0.000 0 0.00 0.000 0.000 0 0.000 0.000 0.0000 0.0000 0.497 0.416 
1745321012.1691294 0 0.000 0.000 0.000 0 0.00 0.000 0.000 0 0.000 0.000 0.0000 0.0000 0.488 0.414 
1745321012.1833344 0 0.000 0.000 0.000 0 0.00 0.000 0.000 0 0.000 0.000 0.0000 0.0000 0.488 0.414 
1745321012.198605 0 0.000 0.000 0.000 0 0.00 0.000 0.000 0 0.000 0.000 0.0000 0.0000 0.488 0.416 
% 1745321012.2025146 robobot/cmd/ti/alive 2025-04-22 13:23:30.677601
1745321012.2128139 0 0.000 0.000 0.000 0 0.00 0.000 0.000 0 0.000 0.000 0.0000 0.0000 0.488 0.416 
1745321012.22802 0 0.000 0.000 0.000 0 0.00 0.000 0.000 0 0.000 0.000 0.0000 0.0000 0.489 0.417 
1745321012.2434976 0 0.000 0.000 0.000 0 0.00 0.000 0.000 0 0.000 0.000 0.0000 0.0000 0.489 0.417 
1745321012.2587023 0 0.000 0.000 0.000 0 0.00 0.000 0.000 0 0.000 0.000 0.0000 0.0000 0.489 0.415 
1745321012.2728238 0 0.000 0.000 0.000 0 0.00 0.000 0.000 0 0.000 0.000 0.0000 0.0000 0.489 0.415 
1745321012.2882326 0 0.000 0.000 0.000 0 0.00 0.000 0.000 0 0.000 0.000 0.0000 0.0000 0.502 0.416 
1745321012.3033826 0 0.000 0.000 0.000 0 0.00 0.000 0.000 0 0.000 0.000 0.0000 0.0000 0.502 0.416 
1745321012.3187637 0 0.000 0.000 0.000 0 0.00 0.000 0.000 0 0.000 0.000 0.0000 0.0000 0.51 0.416 
1745321012.3329537 0 0.000 0.000 0.000 0 0.00 0.000 0.000 0 0.000 0.000 0.0000 0.0000 0.51 0.416 
1745321012.3481958 0 0.000 0.000 0.000 0 0.00 0.000 0.000 0 0.000 0.000 0.0000 0.0000 0.492 0.416 
1745321012.3633547 0 0.000 0.000 0.000 0 0.00 0.000 0.000 0 0.000 0.000 0.0000 0.0000 0.492 0.416 
1745321012.3785272 0 0.000 0.000 0.000 0 0.00 0.000 0.000 0 0.000 0.000 0.0000 0.0000 0.488 0.416 
1745321012.3938196 0 0.000 0.000 0.000 0 0.00 0.000 0.000 0 0.000 0.000 0.0000 0.0000 0.488 0.416 
1745321012.4081533 0 0.000 0.000 0.000 0 0.00 0.000 0.000 0 0.000 0.000 0.0000 0.0000 0.504 0.417 
1745321012.423613 0 0.000 0.000 0.000 0 0.00 0.000 0.000 0 0.000 0.000 0.0000 0.0000 0.504 0.417 
1745321012.4387074 0 0.000 0.000 0.000 0 0.00 0.000 0.000 0 0.000 0.000 0.0000 0.0000 0.514 0.416 
1745321012.4538786 0 0.000 0.000 0.000 0 0.00 0.000 0.000 0 0.000 0.000 0.0000 0.0000 0.514 0.416 
1745321012.4690983 0 0.000 0.000 0.000 0 0.00 0.000 0.000 0 0.000 0.000 0.0000 0.0000 0.514 0.416 
1745321012.4842932 0 0.000 0.000 0.000 0 0.00 0.000 0.000 0 0.000 0.000 0.0000 0.0000 0.514 0.416 
1745321012.499485 0 0.000 0.000 0.000 0 0.00 0.000 0.000 0 0.000 0.000 0.0000 0.0000 0.493 0.416 
1745321012.5136824 0 0.000 0.000 0.000 0 0.00 0.000 0.000 0 0.000 0.000 0.0000 0.0000 0.493 0.416 
1745321012.5289717 0 0.000 0.000 0.000 0 0.00 0.000 0.000 0 0.000 0.000 0.0000 0.0000 0.508 0.416 
1745321012.5445626 0 0.000 0.000 0.000 0 0.00 0.000 0.000 0 0.000 0.000 0.0000 0.0000 0.508 0.416 
1745321012.55878 0 0.000 0.000 0.000 0 0.00 0.000 0.000 0 0.000 0.000 0.0000 0.0000 0.515 0.416 
1745321012.5740223 0 0.000 0.000 0.000 0 0.00 0.000 0.000 0 0.000 0.000 0.0000 0.0000 0.515 0.416 
1745321012.589153 0 0.000 0.000 0.000 0 0.00 0.000 0.000 0 0.000 0.000 0.0000 0.0000 0.517 0.416 
1745321012.6045656 0 0.000 0.000 0.000 0 0.00 0.000 0.000 0 0.000 0.000 0.0000 0.0000 0.517 0.416 
1745321012.6187713 0 0.000 0.000 0.000 0 0.00 0.000 0.000 0 0.000 0.000 0.0000 0.0000 0.514 0.415 
1745321012.6340485 0 0.000 0.000 0.000 0 0.00 0.000 0.000 0 0.000 0.000 0.0000 0.0000 0.514 0.415 
1745321012.6491911 0 0.000 0.000 0.000 0 0.00 0.000 0.000 0 0.000 0.000 0.0000 0.0000 0.516 0.417 
1745321012.664446 0 0.000 0.000 0.000 0 0.00 0.000 0.000 0 0.000 0.000 0.0000 0.0000 0.516 0.417 
1745321012.6797144 0 0.000 0.000 0.000 0 0.00 0.000 0.000 0 0.000 0.000 0.0000 0.0000 0.517 0.416 
1745321012.6940181 0 0.000 0.000 0.000 0 0.00 0.000 0.000 0 0.000 0.000 0.0000 0.0000 0.517 0.416 
% 1745321012.7034512 robobot/cmd/ti/alive 2025-04-22 13:23:30.677601
1745321012.7091622 0 0.000 0.000 0.000 0 0.00 0.000 0.000 0 0.000 0.000 0.0000 0.0000 0.517 0.416 
1745321012.7244022 0 0.000 0.000 0.000 0 0.00 0.000 0.000 0 0.000 0.000 0.0000 0.0000 0.517 0.416 
1745321012.7396524 0 0.000 0.000 0.000 0 0.00 0.000 0.000 0 0.000 0.000 0.0000 0.0000 0.517 0.416 
1745321012.75388 0 0.000 0.000 0.000 0 0.00 0.000 0.000 0 0.000 0.000 0.0000 0.0000 0.517 0.416 
1745321012.7690632 0 0.000 0.000 0.000 0 0.00 0.000 0.000 0 0.000 0.000 0.0000 0.0000 0.493 0.417 
1745321012.784387 0 0.000 0.000 0.000 0 0.00 0.000 0.000 0 0.000 0.000 0.0000 0.0000 0.493 0.417 
1745321012.7995746 0 0.000 0.000 0.000 0 0.00 0.000 0.000 0 0.000 0.000 0.0000 0.0000 0.509 0.416 
1745321012.8139105 0 0.000 0.000 0.000 0 0.00 0.000 0.000 0 0.000 0.000 0.0000 0.0000 0.509 0.416 
1745321012.8290057 0 0.000 0.000 0.000 0 0.00 0.000 0.000 0 0.000 0.000 0.0000 0.0000 0.514 0.416 
1745321012.8445137 0 0.000 0.000 0.000 0 0.00 0.000 0.000 0 0.000 0.000 0.0000 0.0000 0.514 0.416 
1745321012.8597577 0 0.000 0.000 0.000 0 0.00 0.000 0.000 0 0.000 0.000 0.0000 0.0000 0.51 0.415 
1745321012.8740003 0 0.000 0.000 0.000 0 0.00 0.000 0.000 0 0.000 0.000 0.0000 0.0000 0.51 0.415 
1745321012.8891141 0 0.000 0.000 0.000 0 0.00 0.000 0.000 0 0.000 0.000 0.0000 0.0000 0.492 0.416 
1745321012.9043477 0 0.000 0.000 0.000 0 0.00 0.000 0.000 0 0.000 0.000 0.0000 0.0000 0.492 0.416 
1745321012.9195664 0 0.000 0.000 0.000 0 0.00 0.000 0.000 0 0.000 0.000 0.0000 0.0000 0.487 0.417 
1745321012.934749 0 0.000 0.000 0.000 0 0.00 0.000 0.000 0 0.000 0.000 0.0000 0.0000 0.487 0.417 
1745321012.948915 0 0.000 0.000 0.000 0 0.00 0.000 0.000 0 0.000 0.000 0.0000 0.0000 0.502 0.417 
1745321012.9641333 0 0.000 0.000 0.000 0 0.00 0.000 0.000 0 0.000 0.000 0.0000 0.0000 0.502 0.417 
1745321012.979393 0 0.000 0.000 0.000 0 0.00 0.000 0.000 0 0.000 0.000 0.0000 0.0000 0.513 0.416 
1745321012.9946616 0 0.000 0.000 0.000 0 0.00 0.000 0.000 0 0.000 0.000 0.0000 0.0000 0.513 0.416 
1745321013.008944 0 0.000 0.000 0.000 0 0.00 0.000 0.000 0 0.000 0.000 0.0000 0.0000 0.517 0.417 
1745321013.0242786 0 0.000 0.000 0.000 0 0.00 0.000 0.000 0 0.000 0.000 0.0000 0.0000 0.517 0.417 
1745321013.0394466 0 0.000 0.000 0.000 0 0.00 0.000 0.000 0 0.000 0.000 0.0000 0.0000 0.517 0.416 
1745321013.054721 0 0.000 0.000 0.000 0 0.00 0.000 0.000 0 0.000 0.000 0.0000 0.0000 0.517 0.416 
1745321013.068852 0 0.000 0.000 0.000 0 0.00 0.000 0.000 0 0.000 0.000 0.0000 0.0000 0.518 0.417 
1745321013.0840862 0 0.000 0.000 0.000 0 0.00 0.000 0.000 0 0.000 0.000 0.0000 0.0000 0.518 0.417 
1745321013.0993953 0 0.000 0.000 0.000 0 0.00 0.000 0.000 0 0.000 0.000 0.0000 0.0000 0.503 0.418 
1745321013.1146681 0 0.000 0.000 0.000 0 0.00 0.000 0.000 0 0.000 0.000 0.0000 0.0000 0.503 0.418 
1745321013.1298273 0 0.000 0.000 0.000 0 0.00 0.000 0.000 0 0.000 0.000 0.0000 0.0000 0.496 0.416 
1745321013.1451132 0 0.000 0.000 0.000 0 0.00 0.000 0.000 0 0.000 0.000 0.0000 0.0000 0.496 0.416 
1745321013.160353 0 0.000 0.000 0.000 0 0.00 0.000 0.000 0 0.000 0.000 0.0000 0.0000 0.512 0.416 
1745321013.1748455 0 0.000 0.000 0.000 0 0.00 0.000 0.000 0 0.000 0.000 0.0000 0.0000 0.512 0.416 
1745321013.19014 0 0.000 0.000 0.000 0 0.00 0.000 0.000 0 0.000 0.000 0.0000 0.0000 0.515 0.415 
% 1745321013.2044687 robobot/cmd/ti/alive 2025-04-22 13:23:30.677601
1745321013.2057087 0 0.000 0.000 0.000 0 0.00 0.000 0.000 0 0.000 0.000 0.0000 0.0000 0.515 0.415 
1745321013.21982 0 0.000 0.000 0.000 0 0.00 0.000 0.000 0 0.000 0.000 0.0000 0.0000 0.496 0.413 
1745321013.2351863 0 0.000 0.000 0.000 0 0.00 0.000 0.000 0 0.000 0.000 0.0000 0.0000 0.496 0.413 
1745321013.2503462 0 0.000 0.000 0.000 0 0.00 0.000 0.000 0 0.000 0.000 0.0000 0.0000 0.499 0.416 
1745321013.2656279 0 0.000 0.000 0.000 0 0.00 0.000 0.000 0 0.000 0.000 0.0000 0.0000 0.499 0.416 
1745321013.2797258 0 0.000 0.000 0.000 0 0.00 0.000 0.000 0 0.000 0.000 0.0000 0.0000 0.513 0.416 
1745321013.2949483 0 0.000 0.000 0.000 0 0.00 0.000 0.000 0 0.000 0.000 0.0000 0.0000 0.513 0.416 
1745321013.3101656 0 0.000 0.000 0.000 0 0.00 0.000 0.000 0 0.000 0.000 0.0000 0.0000 0.518 0.417 
1745321013.325355 0 0.000 0.000 0.000 0 0.00 0.000 0.000 0 0.000 0.000 0.0000 0.0000 0.518 0.417 
1745321013.3405793 0 0.000 0.000 0.000 0 0.00 0.000 0.000 0 0.000 0.000 0.0000 0.0000 0.518 0.417 
1745321013.3547158 0 0.000 0.000 0.000 0 0.00 0.000 0.000 0 0.000 0.000 0.0000 0.0000 0.518 0.417 
1745321013.3700562 0 0.000 0.000 0.000 0 0.00 0.000 0.000 0 0.000 0.000 0.0000 0.0000 0.517 0.416 
1745321013.3853652 0 0.000 0.000 0.000 0 0.00 0.000 0.000 0 0.000 0.000 0.0000 0.0000 0.517 0.416 
1745321013.4006119 0 0.000 0.000 0.000 0 0.00 0.000 0.000 0 0.000 0.000 0.0000 0.0000 0.511 0.418 
1745321013.414805 0 0.000 0.000 0.000 0 0.00 0.000 0.000 0 0.000 0.000 0.0000 0.0000 0.511 0.418 
1745321013.4300673 0 0.000 0.000 0.000 0 0.00 0.000 0.000 0 0.000 0.000 0.0000 0.0000 0.494 0.417 
1745321013.4453115 0 0.000 0.000 0.000 0 0.00 0.000 0.000 0 0.000 0.000 0.0000 0.0000 0.494 0.417 
1745321013.4608808 0 0.000 0.000 0.000 0 0.00 0.000 0.000 0 0.000 0.000 0.0000 0.0000 0.486 0.416 
1745321013.474979 0 0.000 0.000 0.000 0 0.00 0.000 0.000 0 0.000 0.000 0.0000 0.0000 0.486 0.416 
1745321013.490287 0 0.000 0.000 0.000 0 0.00 0.000 0.000 0 0.000 0.000 0.0000 0.0000 0.503 0.416 
1745321013.5055995 0 0.000 0.000 0.000 0 0.00 0.000 0.000 0 0.000 0.000 0.0000 0.0000 0.503 0.416 
1745321013.5197973 0 0.000 0.000 0.000 0 0.00 0.000 0.000 0 0.000 0.000 0.0000 0.0000 0.513 0.415 
1745321013.5352783 0 0.000 0.000 0.000 0 0.00 0.000 0.000 0 0.000 0.000 0.0000 0.0000 0.513 0.415 
1745321013.5502799 0 0.000 0.000 0.000 0 0.00 0.000 0.000 0 0.000 0.000 0.0000 0.0000 0.516 0.416 
1745321013.5655584 0 0.000 0.000 0.000 0 0.00 0.000 0.000 0 0.000 0.000 0.0000 0.0000 0.516 0.416 
1745321013.5801795 0 0.000 0.000 0.000 0 0.00 0.000 0.000 0 0.000 0.000 0.0000 0.0000 0.516 0.417 
1745321013.5954762 0 0.000 0.000 0.000 0 0.00 0.000 0.000 0 0.000 0.000 0.0000 0.0000 0.516 0.417 
1745321013.610772 0 0.000 0.000 0.000 0 0.00 0.000 0.000 0 0.000 0.000 0.0000 0.0000 0.516 0.416 
1745321013.625031 0 0.000 0.000 0.000 0 0.00 0.000 0.000 0 0.000 0.000 0.0000 0.0000 0.516 0.416 
1745321013.6403708 0 0.000 0.000 0.000 0 0.00 0.000 0.000 0 0.000 0.000 0.0000 0.0000 0.516 0.417 
1745321013.6555507 0 0.000 0.000 0.000 0 0.00 0.000 0.000 0 0.000 0.000 0.0000 0.0000 0.516 0.417 
1745321013.6707046 0 0.000 0.000 0.000 0 0.00 0.000 0.000 0 0.000 0.000 0.0000 0.0000 0.512 0.416 
1745321013.685117 0 0.000 0.000 0.000 0 0.00 0.000 0.000 0 0.000 0.000 0.0000 0.0000 0.512 0.416 
1745321013.700292 0 0.000 0.000 0.000 0 0.00 0.000 0.000 0 0.000 0.000 0.0000 0.0000 0.491 0.417 
% 1745321013.7054663 robobot/cmd/ti/alive 2025-04-22 13:23:30.677601
1745321013.7152848 0 0.000 0.000 0.000 0 0.00 0.000 0.000 0 0.000 0.000 0.0000 0.0000 0.491 0.417 
1745321013.7305162 0 0.000 0.000 0.000 0 0.00 0.000 0.000 0 0.000 0.000 0.0000 0.0000 0.484 0.412 
1745321013.7458196 0 0.000 0.000 0.000 0 0.00 0.000 0.000 0 0.000 0.000 0.0000 0.0000 0.484 0.412 
1745321013.761149 0 0.000 0.000 0.000 0 0.00 0.000 0.000 0 0.000 0.000 0.0000 0.0000 0.503 0.415 
1745321013.7753038 0 0.000 0.000 0.000 0 0.00 0.000 0.000 0 0.000 0.000 0.0000 0.0000 0.503 0.415 
1745321013.7904925 0 0.000 0.000 0.000 0 0.00 0.000 0.000 0 0.000 0.000 0.0000 0.0000 0.515 0.417 
1745321013.805723 0 0.000 0.000 0.000 0 0.00 0.000 0.000 0 0.000 0.000 0.0000 0.0000 0.515 0.417 
1745321013.8209214 0 0.000 0.000 0.000 0 0.00 0.000 0.000 0 0.000 0.000 0.0000 0.0000 0.517 0.417 
1745321013.8361564 0 0.000 0.000 0.000 0 0.00 0.000 0.000 0 0.000 0.000 0.0000 0.0000 0.517 0.417 
1745321013.8513122 0 0.000 0.000 0.000 0 0.00 0.000 0.000 0 0.000 0.000 0.0000 0.0000 0.517 0.418 
1745321013.8664882 0 0.000 0.000 0.000 0 0.00 0.000 0.000 0 0.000 0.000 0.0000 0.0000 0.517 0.418 
1745321013.88074 0 0.000 0.000 0.000 0 0.00 0.000 0.000 0 0.000 0.000 0.0000 0.0000 0.516 0.417 
1745321013.895964 0 0.000 0.000 0.000 0 0.00 0.000 0.000 0 0.000 0.000 0.0000 0.0000 0.516 0.417 
1745321013.9111795 0 0.000 0.000 0.000 0 0.00 0.000 0.000 0 0.000 0.000 0.0000 0.0000 0.517 0.416 
1745321013.926364 0 0.000 0.000 0.000 0 0.00 0.000 0.000 0 0.000 0.000 0.0000 0.0000 0.517 0.416 
1745321013.9407365 0 0.000 0.000 0.000 0 0.00 0.000 0.000 0 0.000 0.000 0.0000 0.0000 0.518 0.417 
1745321013.9559543 0 0.000 0.000 0.000 0 0.00 0.000 0.000 0 0.000 0.000 0.0000 0.0000 0.518 0.417 
1745321013.9713156 0 0.000 0.000 0.000 0 0.00 0.000 0.000 0 0.000 0.000 0.0000 0.0000 0.515 0.417 
1745321013.9865327 0 0.000 0.000 0.000 0 0.00 0.000 0.000 0 0.000 0.000 0.0000 0.0000 0.515 0.417 
1745321014.0006635 0 0.000 0.000 0.000 0 0.00 0.000 0.000 0 0.000 0.000 0.0000 0.0000 0.492 0.416 
1745321014.0160992 0 0.000 0.000 0.000 0 0.00 0.000 0.000 0 0.000 0.000 0.0000 0.0000 0.492 0.416 
1745321014.0313532 0 0.000 0.000 0.000 0 0.00 0.000 0.000 0 0.000 0.000 0.0000 0.0000 0.506 0.415 
1745321014.046581 0 0.000 0.000 0.000 0 0.00 0.000 0.000 0 0.000 0.000 0.0000 0.0000 0.506 0.415 
1745321014.0608356 0 0.000 0.000 0.000 0 0.00 0.000 0.000 0 0.000 0.000 0.0000 0.0000 0.515 0.415 
1745321014.0760858 0 0.000 0.000 0.000 0 0.00 0.000 0.000 0 0.000 0.000 0.0000 0.0000 0.515 0.415 
1745321014.0913231 0 0.000 0.000 0.000 0 0.00 0.000 0.000 0 0.000 0.000 0.0000 0.0000 0.515 0.417 
1745321014.1067579 0 0.000 0.000 0.000 0 0.00 0.000 0.000 0 0.000 0.000 0.0000 0.0000 0.515 0.417 
1745321014.120878 0 0.000 0.000 0.000 0 0.00 0.000 0.000 0 0.000 0.000 0.0000 0.0000 0.516 0.415 
1745321014.1363516 0 0.000 0.000 0.000 0 0.00 0.000 0.000 0 0.000 0.000 0.0000 0.0000 0.516 0.415 
1745321014.1515138 0 0.000 0.000 0.000 0 0.00 0.000 0.000 0 0.000 0.000 0.0000 0.0000 0.518 0.416 
1745321014.166731 0 0.000 0.000 0.000 0 0.00 0.000 0.000 0 0.000 0.000 0.0000 0.0000 0.518 0.416 
1745321014.1809895 0 0.000 0.000 0.000 0 0.00 0.000 0.000 0 0.000 0.000 0.0000 0.0000 0.517 0.417 
1745321014.1963675 0 0.000 0.000 0.000 0 0.00 0.000 0.000 0 0.000 0.000 0.0000 0.0000 0.517 0.417 
% 1745321014.206636 robobot/cmd/ti/alive 2025-04-22 13:23:30.677601
1745321014.2119346 0 0.000 0.000 0.000 0 0.00 0.000 0.000 0 0.000 0.000 0.0000 0.0000 0.519 0.416 
1745321014.2259548 0 0.000 0.000 0.000 0 0.00 0.000 0.000 0 0.000 0.000 0.0000 0.0000 0.519 0.416 
1745321014.2411513 0 0.000 0.000 0.000 0 0.00 0.000 0.000 0 0.000 0.000 0.0000 0.0000 0.516 0.417 
1745321014.2564843 0 0.000 0.000 0.000 0 0.00 0.000 0.000 0 0.000 0.000 0.0000 0.0000 0.516 0.417 
1745321014.2716968 0 0.000 0.000 0.000 0 0.00 0.000 0.000 0 0.000 0.000 0.0000 0.0000 0.495 0.416 
1745321014.2859478 0 0.000 0.000 0.000 0 0.00 0.000 0.000 0 0.000 0.000 0.0000 0.0000 0.495 0.416 
1745321014.3010383 0 0.000 0.000 0.000 0 0.00 0.000 0.000 0 0.000 0.000 0.0000 0.0000 0.488 0.416 
1745321014.3162796 0 0.000 0.000 0.000 0 0.00 0.000 0.000 0 0.000 0.000 0.0000 0.0000 0.488 0.416 
1745321014.3315387 0 0.000 0.000 0.000 0 0.00 0.000 0.000 0 0.000 0.000 0.0000 0.0000 0.5 0.417 
1745321014.3458965 0 0.000 0.000 0.000 0 0.00 0.000 0.000 0 0.000 0.000 0.0000 0.0000 0.5 0.417 
1745321014.361107 0 0.000 0.000 0.000 0 0.00 0.000 0.000 0 0.000 0.000 0.0000 0.0000 0.514 0.416 
1745321014.3763022 0 0.000 0.000 0.000 0 0.00 0.000 0.000 0 0.000 0.000 0.0000 0.0000 0.514 0.416 
1745321014.391754 0 0.000 0.000 0.000 0 0.00 0.000 0.000 0 0.000 0.000 0.0000 0.0000 0.496 0.417 
1745321014.4060829 0 0.000 0.000 0.000 0 0.00 0.000 0.000 0 0.000 0.000 0.0000 0.0000 0.496 0.417 
1745321014.421345 0 0.000 0.000 0.000 0 0.00 0.000 0.000 0 0.000 0.000 0.0000 0.0000 0.51 0.416 
1745321014.4367604 0 0.000 0.000 0.000 0 0.00 0.000 0.000 0 0.000 0.000 0.0000 0.0000 0.51 0.416 
1745321014.4519298 0 0.000 0.000 0.000 0 0.00 0.000 0.000 0 0.000 0.000 0.0000 0.0000 0.515 0.416 
1745321014.4661257 0 0.000 0.000 0.000 0 0.00 0.000 0.000 0 0.000 0.000 0.0000 0.0000 0.515 0.416 
1745321014.4814074 0 0.000 0.000 0.000 0 0.00 0.000 0.000 0 0.000 0.000 0.0000 0.0000 0.512 0.417 
1745321014.4964824 0 0.000 0.000 0.000 0 0.00 0.000 0.000 0 0.000 0.000 0.0000 0.0000 0.512 0.417 
1745321014.5117397 0 0.000 0.000 0.000 0 0.00 0.000 0.000 0 0.000 0.000 0.0000 0.0000 0.492 0.417 
1745321014.5270026 0 0.000 0.000 0.000 0 0.00 0.000 0.000 0 0.000 0.000 0.0000 0.0000 0.492 0.417 
1745321014.5418885 0 0.000 0.000 0.000 0 0.00 0.000 0.000 0 0.000 0.000 0.0000 0.0000 0.507 0.416 
1745321014.5569801 0 0.000 0.000 0.000 0 0.00 0.000 0.000 0 0.000 0.000 0.0000 0.0000 0.507 0.416 
1745321014.5721734 0 0.000 0.000 0.000 0 0.00 0.000 0.000 0 0.000 0.000 0.0000 0.0000 0.514 0.416 
1745321014.5879562 0 0.000 0.000 0.000 0 0.00 0.000 0.000 0 0.000 0.000 0.0000 0.0000 0.514 0.416 
1745321014.6020885 0 0.000 0.000 0.000 0 0.00 0.000 0.000 0 0.000 0.000 0.0000 0.0000 0.513 0.413 
1745321014.6502912 0 0.000 0.000 0.000 0 0.00 0.000 0.000 0 0.000 0.000 0.0000 0.0000 0.513 0.413 
1745321014.6507719 0 0.000 0.000 0.000 0 0.00 0.000 0.000 0 0.000 0.000 0.0000 0.0000 0.516 0.416 
1745321014.651127 0 0.000 0.000 0.000 0 0.00 0.000 0.000 0 0.000 0.000 0.0000 0.0000 0.516 0.416 
1745321014.6620762 0 0.000 0.000 0.000 0 0.00 0.000 0.000 0 0.000 0.000 0.0000 0.0000 0.494 0.416 
1745321014.677553 0 0.000 0.000 0.000 0 0.00 0.000 0.000 0 0.000 0.000 0.0000 0.0000 0.494 0.416 
1745321014.6917417 0 0.000 0.000 0.000 0 0.00 0.000 0.000 0 0.000 0.000 0.0000 0.0000 0.508 0.414 
1745321014.706993 0 0.000 0.000 0.000 0 0.00 0.000 0.000 0 0.000 0.000 0.0000 0.0000 0.508 0.414 
% 1745321014.7075632 robobot/cmd/ti/alive 2025-04-22 13:23:30.677601
1745321014.7223344 0 0.000 0.000 0.000 0 0.00 0.000 0.000 0 0.000 0.000 0.0000 0.0000 0.515 0.416 
1745321014.7376118 0 0.000 0.000 0.000 0 0.00 0.000 0.000 0 0.000 0.000 0.0000 0.0000 0.515 0.416 
1745321014.7518497 0 0.000 0.000 0.000 0 0.00 0.000 0.000 0 0.000 0.000 0.0000 0.0000 0.512 0.416 
1745321014.7670753 0 0.000 0.000 0.000 0 0.00 0.000 0.000 0 0.000 0.000 0.0000 0.0000 0.512 0.416 
1745321014.7823396 0 0.000 0.000 0.000 0 0.00 0.000 0.000 0 0.000 0.000 0.0000 0.0000 0.493 0.417 
1745321014.7976232 0 0.000 0.000 0.000 0 0.00 0.000 0.000 0 0.000 0.000 0.0000 0.0000 0.493 0.417 
1745321014.8120909 0 0.000 0.000 0.000 0 0.00 0.000 0.000 0 0.000 0.000 0.0000 0.0000 0.488 0.417 
1745321014.8277628 0 0.000 0.000 0.000 0 0.00 0.000 0.000 0 0.000 0.000 0.0000 0.0000 0.488 0.417 
1745321014.8422272 0 0.000 0.000 0.000 0 0.00 0.000 0.000 0 0.000 0.000 0.0000 0.0000 0.504 0.415 
1745321014.8577034 0 0.000 0.000 0.000 0 0.00 0.000 0.000 0 0.000 0.000 0.0000 0.0000 0.504 0.415 
1745321014.872049 0 0.000 0.000 0.000 0 0.00 0.000 0.000 0 0.000 0.000 0.0000 0.0000 0.516 0.419 
1745321014.88738 0 0.000 0.000 0.000 0 0.00 0.000 0.000 0 0.000 0.000 0.0000 0.0000 0.516 0.419 
1745321014.9018965 0 0.000 0.000 0.000 0 0.00 0.000 0.000 0 0.000 0.000 0.0000 0.0000 0.519 0.42 
1745321014.917301 0 0.000 0.000 0.000 0 0.00 0.000 0.000 0 0.000 0.000 0.0000 0.0000 0.519 0.42 
1745321014.9327278 0 0.000 0.000 0.000 0 0.00 0.000 0.000 0 0.000 0.000 0.0000 0.0000 0.497 0.42 
1745321014.9471319 0 0.000 0.000 0.000 0 0.00 0.000 0.000 0 0.000 0.000 0.0000 0.0000 0.497 0.42 
1745321014.9627154 0 0.000 0.000 0.000 0 0.00 0.000 0.000 0 0.000 0.000 0.0000 0.0000 0.51 0.421 
1745321014.977104 0 0.000 0.000 0.000 0 0.00 0.000 0.000 0 0.000 0.000 0.0000 0.0000 0.51 0.421 
1745321014.9925578 0 0.000 0.000 0.000 0 0.00 0.000 0.000 0 0.000 0.000 0.0000 0.0000 0.504 0.421 
1745321015.006944 0 0.000 0.000 0.000 0 0.00 0.000 0.000 0 0.000 0.000 0.0000 0.0000 0.504 0.421 
1745321015.022551 0 0.000 0.000 0.000 0 0.00 0.000 0.000 0 0.000 0.000 0.0000 0.0000 0.501 0.422 
1745321015.0370045 0 0.000 0.000 0.000 0 0.00 0.000 0.000 0 0.000 0.000 0.0000 0.0000 0.501 0.422 
1745321015.052504 0 0.000 0.000 0.000 0 0.00 0.000 0.000 0 0.000 0.000 0.0000 0.0000 0.514 0.421 
1745321015.0674298 0 0.000 0.000 0.000 0 0.00 0.000 0.000 0 0.000 0.000 0.0000 0.0000 0.514 0.421 
1745321015.0819502 0 0.000 0.000 0.000 0 0.00 0.000 0.000 0 0.000 0.000 0.0000 0.0000 0.517 0.419 
1745321015.0973353 0 0.000 0.000 0.000 0 0.00 0.000 0.000 0 0.000 0.000 0.0000 0.0000 0.517 0.419 
1745321015.112832 0 0.000 0.000 0.000 0 0.00 0.000 0.000 0 0.000 0.000 0.0000 0.0000 0.501 0.421 
1745321015.1271403 0 0.000 0.000 0.000 0 0.00 0.000 0.000 0 0.000 0.000 0.0000 0.0000 0.501 0.421 
1745321015.142597 0 0.000 0.000 0.000 0 0.00 0.000 0.000 0 0.000 0.000 0.0000 0.0000 0.503 0.421 
1745321015.1570628 0 0.000 0.000 0.000 0 0.00 0.000 0.000 0 0.000 0.000 0.0000 0.0000 0.503 0.421 
1745321015.17298 0 0.000 0.000 0.000 0 0.00 0.000 0.000 0 0.000 0.000 0.0000 0.0000 0.516 0.421 
1745321015.1883435 0 0.000 0.000 0.000 0 0.00 0.000 0.000 0 0.000 0.000 0.0000 0.0000 0.516 0.421 
1745321015.202746 0 0.000 0.000 0.000 0 0.00 0.000 0.000 0 0.000 0.000 0.0000 0.0000 0.497 0.421 
% 1745321015.2085643 robobot/cmd/ti/alive 2025-04-22 13:23:30.677601
1745321015.2181957 0 0.000 0.000 0.000 0 0.00 0.000 0.000 0 0.000 0.000 0.0000 0.0000 0.497 0.421 
1745321015.2328255 0 0.000 0.000 0.000 0 0.00 0.000 0.000 0 0.000 0.000 0.0000 0.0000 0.496 0.422 
1745321015.2481823 0 0.000 0.000 0.000 0 0.00 0.000 0.000 0 0.000 0.000 0.0000 0.0000 0.496 0.422 
1745321015.2627683 0 0.000 0.000 0.000 0 0.00 0.000 0.000 0 0.000 0.000 0.0000 0.0000 0.495 0.422 
1745321015.278593 0 0.000 0.000 0.000 0 0.00 0.000 0.000 0 0.000 0.000 0.0000 0.0000 0.495 0.422 
1745321015.2929366 0 0.000 0.000 0.000 0 0.00 0.000 0.000 0 0.000 0.000 0.0000 0.0000 0.495 0.421 
1745321015.30837 0 0.000 0.000 0.000 0 0.00 0.000 0.000 0 0.000 0.000 0.0000 0.0000 0.495 0.421 
1745321015.3228402 0 0.000 0.000 0.000 0 0.00 0.000 0.000 0 0.000 0.000 0.0000 0.0000 0.492 0.422 
1745321015.3384821 0 0.000 0.000 0.000 0 0.00 0.000 0.000 0 0.000 0.000 0.0000 0.0000 0.492 0.422 
1745321015.3527615 0 0.000 0.000 0.000 0 0.00 0.000 0.000 0 0.000 0.000 0.0000 0.0000 0.49 0.421 
1745321015.3680992 0 0.000 0.000 0.000 0 0.00 0.000 0.000 0 0.000 0.000 0.0000 0.0000 0.49 0.421 
1745321015.3836212 0 0.000 0.000 0.000 0 0.00 0.000 0.000 0 0.000 0.000 0.0000 0.0000 0.507 0.421 
1745321015.3979678 0 0.000 0.000 0.000 0 0.00 0.000 0.000 0 0.000 0.000 0.0000 0.0000 0.507 0.421 
1745321015.413669 0 0.000 0.000 0.000 0 0.00 0.000 0.000 0 0.000 0.000 0.0000 0.0000 0.516 0.422 
1745321015.4280615 0 0.000 0.000 0.000 0 0.00 0.000 0.000 0 0.000 0.000 0.0000 0.0000 0.516 0.422 
1745321015.4436483 0 0.000 0.000 0.000 0 0.00 0.000 0.000 0 0.000 0.000 0.0000 0.0000 0.518 0.421 
1745321015.4580326 0 0.000 0.000 0.000 0 0.00 0.000 0.000 0 0.000 0.000 0.0000 0.0000 0.518 0.421 
1745321015.4734569 0 0.000 0.000 0.000 0 0.00 0.000 0.000 0 0.000 0.000 0.0000 0.0000 0.518 0.421 
1745321015.4879353 0 0.000 0.000 0.000 0 0.00 0.000 0.000 0 0.000 0.000 0.0000 0.0000 0.518 0.421 
1745321015.503426 0 0.000 0.000 0.000 0 0.00 0.000 0.000 0 0.000 0.000 0.0000 0.0000 0.521 0.422 
1745321015.5177758 0 0.000 0.000 0.000 0 0.00 0.000 0.000 0 0.000 0.000 0.0000 0.0000 0.521 0.422 
1745321015.5332873 0 0.000 0.000 0.000 0 0.00 0.000 0.000 0 0.000 0.000 0.0000 0.0000 0.507 0.421 
1745321015.5485816 0 0.000 0.000 0.000 0 0.00 0.000 0.000 0 0.000 0.000 0.0000 0.0000 0.507 0.421 
1745321015.5631564 0 0.000 0.000 0.000 0 0.00 0.000 0.000 0 0.000 0.000 0.0000 0.0000 0.5 0.419 
1745321015.578593 0 0.000 0.000 0.000 0 0.00 0.000 0.000 0 0.000 0.000 0.0000 0.0000 0.5 0.419 
1745321015.593795 0 0.000 0.000 0.000 0 0.00 0.000 0.000 0 0.000 0.000 0.0000 0.0000 0.514 0.421 
1745321015.6082022 0 0.000 0.000 0.000 0 0.00 0.000 0.000 0 0.000 0.000 0.0000 0.0000 0.514 0.421 
1745321015.6239853 0 0.000 0.000 0.000 0 0.00 0.000 0.000 0 0.000 0.000 0.0000 0.0000 0.518 0.421 
1745321015.639084 0 0.000 0.000 0.000 0 0.00 0.000 0.000 0 0.000 0.000 0.0000 0.0000 0.518 0.421 
1745321015.6532307 0 0.000 0.000 0.000 0 0.00 0.000 0.000 0 0.000 0.000 0.0000 0.0000 0.518 0.42 
1745321015.668098 0 0.000 0.000 0.000 0 0.00 0.000 0.000 0 0.000 0.000 0.0000 0.0000 0.518 0.42 
1745321015.6836858 0 0.000 0.000 0.000 0 0.00 0.000 0.000 0 0.000 0.000 0.0000 0.0000 0.519 0.419 
1745321015.6980681 0 0.000 0.000 0.000 0 0.00 0.000 0.000 0 0.000 0.000 0.0000 0.0000 0.519 0.419 
% 1745321015.7097893 robobot/cmd/ti/alive 2025-04-22 13:23:30.677601
1745321015.71364 0 0.000 0.000 0.000 0 0.00 0.000 0.000 0 0.000 0.000 0.0000 0.0000 0.52 0.421 
1745321015.7280748 0 0.000 0.000 0.000 0 0.00 0.000 0.000 0 0.000 0.000 0.0000 0.0000 0.52 0.421 
1745321015.7435336 0 0.000 0.000 0.000 0 0.00 0.000 0.000 0 0.000 0.000 0.0000 0.0000 0.518 0.421 
1745321015.7590003 0 0.000 0.000 0.000 0 0.00 0.000 0.000 0 0.000 0.000 0.0000 0.0000 0.518 0.421 
1745321015.7732577 0 0.000 0.000 0.000 0 0.00 0.000 0.000 0 0.000 0.000 0.0000 0.0000 0.503 0.421 
1745321015.788734 0 0.000 0.000 0.000 0 0.00 0.000 0.000 0 0.000 0.000 0.0000 0.0000 0.503 0.421 
1745321015.803328 0 0.000 0.000 0.000 0 0.00 0.000 0.000 0 0.000 0.000 0.0000 0.0000 0.497 0.421 
1745321015.8188267 0 0.000 0.000 0.000 0 0.00 0.000 0.000 0 0.000 0.000 0.0000 0.0000 0.497 0.421 
1745321015.8333552 0 0.000 0.000 0.000 0 0.00 0.000 0.000 0 0.000 0.000 0.0000 0.0000 0.495 0.42 
1745321015.8488302 0 0.000 0.000 0.000 0 0.00 0.000 0.000 0 0.000 0.000 0.0000 0.0000 0.495 0.42 
1745321015.8646822 0 0.000 0.000 0.000 0 0.00 0.000 0.000 0 0.000 0.000 0.0000 0.0000 0.493 0.421 
1745321015.8791463 0 0.000 0.000 0.000 0 0.00 0.000 0.000 0 0.000 0.000 0.0000 0.0000 0.493 0.421 
1745321015.8946779 0 0.000 0.000 0.000 0 0.00 0.000 0.000 0 0.000 0.000 0.0000 0.0000 0.492 0.421 
1745321015.9092898 0 0.000 0.000 0.000 0 0.00 0.000 0.000 0 0.000 0.000 0.0000 0.0000 0.492 0.421 
1745321015.924829 0 0.000 0.000 0.000 0 0.00 0.000 0.000 0 0.000 0.000 0.0000 0.0000 0.508 0.421 
1745321015.939161 0 0.000 0.000 0.000 0 0.00 0.000 0.000 0 0.000 0.000 0.0000 0.0000 0.508 0.421 
1745321015.954504 0 0.000 0.000 0.000 0 0.00 0.000 0.000 0 0.000 0.000 0.0000 0.0000 0.508 0.422 
1745321015.9689717 0 0.000 0.000 0.000 0 0.00 0.000 0.000 0 0.000 0.000 0.0000 0.0000 0.508 0.422 
1745321015.9847157 0 0.000 0.000 0.000 0 0.00 0.000 0.000 0 0.000 0.000 0.0000 0.0000 0.496 0.421 
1745321015.9991386 0 0.000 0.000 0.000 0 0.00 0.000 0.000 0 0.000 0.000 0.0000 0.0000 0.496 0.421 
1745321016.0146327 0 0.000 0.000 0.000 0 0.00 0.000 0.000 0 0.000 0.000 0.0000 0.0000 0.515 0.423 
1745321016.0289207 0 0.000 0.000 0.000 0 0.00 0.000 0.000 0 0.000 0.000 0.0000 0.0000 0.515 0.423 
1745321016.044493 0 0.000 0.000 0.000 0 0.00 0.000 0.000 0 0.000 0.000 0.0000 0.0000 0.519 0.422 
1745321016.0589728 0 0.000 0.000 0.000 0 0.00 0.000 0.000 0 0.000 0.000 0.0000 0.0000 0.519 0.422 
1745321016.074443 0 0.000 0.000 0.000 0 0.00 0.000 0.000 0 0.000 0.000 0.0000 0.0000 0.507 0.421 
1745321016.0897715 0 0.000 0.000 0.000 0 0.00 0.000 0.000 0 0.000 0.000 0.0000 0.0000 0.507 0.421 
1745321016.104203 0 0.000 0.000 0.000 0 0.00 0.000 0.000 0 0.000 0.000 0.0000 0.0000 0.502 0.422 
1745321016.1200447 0 0.000 0.000 0.000 0 0.00 0.000 0.000 0 0.000 0.000 0.0000 0.0000 0.502 0.422 
1745321016.1342673 0 0.000 0.000 0.000 0 0.00 0.000 0.000 0 0.000 0.000 0.0000 0.0000 0.515 0.421 
1745321016.1497116 0 0.000 0.000 0.000 0 0.00 0.000 0.000 0 0.000 0.000 0.0000 0.0000 0.515 0.421 
1745321016.164197 0 0.000 0.000 0.000 0 0.00 0.000 0.000 0 0.000 0.000 0.0000 0.0000 0.518 0.421 
1745321016.1799302 0 0.000 0.000 0.000 0 0.00 0.000 0.000 0 0.000 0.000 0.0000 0.0000 0.518 0.421 
1745321016.194274 0 0.000 0.000 0.000 0 0.00 0.000 0.000 0 0.000 0.000 0.0000 0.0000 0.504 0.421 
1745321016.2096891 0 0.000 0.000 0.000 0 0.00 0.000 0.000 0 0.000 0.000 0.0000 0.0000 0.504 0.421 
% 1745321016.2107582 robobot/cmd/ti/alive 2025-04-22 13:23:30.677601
1745321016.2244148 0 0.000 0.000 0.000 0 0.00 0.000 0.000 0 0.000 0.000 0.0000 0.0000 0.504 0.422 
1745321016.2389321 0 0.000 0.000 0.000 0 0.00 0.000 0.000 0 0.000 0.000 0.0000 0.0000 0.504 0.422 
1745321016.2544014 0 0.000 0.000 0.000 0 0.00 0.000 0.000 0 0.000 0.000 0.0000 0.0000 0.517 0.422 
1745321016.2698622 0 0.000 0.000 0.000 0 0.00 0.000 0.000 0 0.000 0.000 0.0000 0.0000 0.517 0.422 
1745321016.2842534 0 0.000 0.000 0.000 0 0.00 0.000 0.000 0 0.000 0.000 0.0000 0.0000 0.519 0.422 
1745321016.2996528 0 0.000 0.000 0.000 0 0.00 0.000 0.000 0 0.000 0.000 0.0000 0.0000 0.519 0.422 
1745321016.3141367 0 0.000 0.000 0.000 0 0.00 0.000 0.000 0 0.000 0.000 0.0000 0.0000 0.522 0.422 
1745321016.32947 0 0.000 0.000 0.000 0 0.00 0.000 0.000 0 0.000 0.000 0.0000 0.0000 0.522 0.422 
1745321016.34385 0 0.000 0.000 0.000 0 0.00 0.000 0.000 0 0.000 0.000 0.0000 0.0000 0.52 0.422 
1745321016.3592994 0 0.000 0.000 0.000 0 0.00 0.000 0.000 0 0.000 0.000 0.0000 0.0000 0.52 0.422 
1745321016.3749366 0 0.000 0.000 0.000 0 0.00 0.000 0.000 0 0.000 0.000 0.0000 0.0000 0.52 0.421 
1745321016.3892856 0 0.000 0.000 0.000 0 0.00 0.000 0.000 0 0.000 0.000 0.0000 0.0000 0.52 0.421 
1745321016.4046707 0 0.000 0.000 0.000 0 0.00 0.000 0.000 0 0.000 0.000 0.0000 0.0000 0.517 0.421 
1745321016.419058 0 0.000 0.000 0.000 0 0.00 0.000 0.000 0 0.000 0.000 0.0000 0.0000 0.517 0.421 
1745321016.4350958 0 0.000 0.000 0.000 0 0.00 0.000 0.000 0 0.000 0.000 0.0000 0.0000 0.497 0.421 
1745321016.44932 0 0.000 0.000 0.000 0 0.00 0.000 0.000 0 0.000 0.000 0.0000 0.0000 0.497 0.421 
1745321016.4639914 0 0.000 0.000 0.000 0 0.00 0.000 0.000 0 0.000 0.000 0.0000 0.0000 0.494 0.421 
1745321016.479385 0 0.000 0.000 0.000 0 0.00 0.000 0.000 0 0.000 0.000 0.0000 0.0000 0.494 0.421 
1745321016.494863 0 0.000 0.000 0.000 0 0.00 0.000 0.000 0 0.000 0.000 0.0000 0.0000 0.502 0.422 
1745321016.5095494 0 0.000 0.000 0.000 0 0.00 0.000 0.000 0 0.000 0.000 0.0000 0.0000 0.502 0.422 
1745321016.524994 0 0.000 0.000 0.000 0 0.00 0.000 0.000 0 0.000 0.000 0.0000 0.0000 0.516 0.421 
1745321016.5407038 0 0.000 0.000 0.000 0 0.00 0.000 0.000 0 0.000 0.000 0.0000 0.0000 0.519 0.422 
1745321016.5548499 0 0.000 0.000 0.000 0 0.00 0.000 0.000 0 0.000 0.000 0.0000 0.0000 0.519 0.422 
1745321016.570391 0 0.000 0.000 0.000 0 0.00 0.000 0.000 0 0.000 0.000 0.0000 0.0000 0.52 0.422 
1745321016.584757 0 0.000 0.000 0.000 0 0.00 0.000 0.000 0 0.000 0.000 0.0000 0.0000 0.52 0.422 
1745321016.6002164 0 0.000 0.000 0.000 0 0.00 0.000 0.000 0 0.000 0.000 0.0000 0.0000 0.507 0.422 
1745321016.615682 0 0.000 0.000 0.000 0 0.00 0.000 0.000 0 0.000 0.000 0.0000 0.0000 0.507 0.422 
1745321016.630184 0 0.000 0.000 0.000 0 0.00 0.000 0.000 0 0.000 0.000 0.0000 0.0000 0.502 0.422 
1745321016.6456645 0 0.000 0.000 0.000 0 0.00 0.000 0.000 0 0.000 0.000 0.0000 0.0000 0.502 0.422 
1745321016.6600504 0 0.000 0.000 0.000 0 0.00 0.000 0.000 0 0.000 0.000 0.0000 0.0000 0.516 0.422 
1745321016.6757004 0 0.000 0.000 0.000 0 0.00 0.000 0.000 0 0.000 0.000 0.0000 0.0000 0.516 0.422 
1745321016.6905143 0 0.000 0.000 0.000 0 0.00 0.000 0.000 0 0.000 0.000 0.0000 0.0000 0.517 0.422 
1745321016.7048113 0 0.000 0.000 0.000 0 0.00 0.000 0.000 0 0.000 0.000 0.0000 0.0000 0.517 0.422 
% 1745321016.7118032 robobot/cmd/ti/alive 2025-04-22 13:23:30.677601
1745321016.720304 0 0.000 0.000 0.000 0 0.00 0.000 0.000 0 0.000 0.000 0.0000 0.0000 0.504 0.421 
1745321016.7356942 0 0.000 0.000 0.000 0 0.00 0.000 0.000 0 0.000 0.000 0.0000 0.0000 0.504 0.421 
1745321016.750304 0 0.000 0.000 0.000 0 0.00 0.000 0.000 0 0.000 0.000 0.0000 0.0000 0.504 0.419 
1745321016.7656832 0 0.000 0.000 0.000 0 0.00 0.000 0.000 0 0.000 0.000 0.0000 0.0000 0.504 0.419 
1745321016.7800324 0 0.000 0.000 0.000 0 0.00 0.000 0.000 0 0.000 0.000 0.0000 0.0000 0.515 0.42 
1745321016.7954476 0 0.000 0.000 0.000 0 0.00 0.000 0.000 0 0.000 0.000 0.0000 0.0000 0.515 0.42 
1745321016.8098931 0 0.000 0.000 0.000 0 0.00 0.000 0.000 0 0.000 0.000 0.0000 0.0000 0.497 0.42 
1745321016.825433 0 0.000 0.000 0.000 0 0.00 0.000 0.000 0 0.000 0.000 0.0000 0.0000 0.497 0.42 
1745321016.8398514 0 0.000 0.000 0.000 0 0.00 0.000 0.000 0 0.000 0.000 0.0000 0.0000 0.512 0.422 
1745321016.8552294 0 0.000 0.000 0.000 0 0.00 0.000 0.000 0 0.000 0.000 0.0000 0.0000 0.512 0.422 
1745321016.870811 0 0.000 0.000 0.000 0 0.00 0.000 0.000 0 0.000 0.000 0.0000 0.0000 0.518 0.421 
1745321016.8853474 0 0.000 0.000 0.000 0 0.00 0.000 0.000 0 0.000 0.000 0.0000 0.0000 0.518 0.421 
1745321016.900747 0 0.000 0.000 0.000 0 0.00 0.000 0.000 0 0.000 0.000 0.0000 0.0000 0.52 0.422 
1745321016.9151232 0 0.000 0.000 0.000 0 0.00 0.000 0.000 0 0.000 0.000 0.0000 0.0000 0.52 0.422 
1745321016.9306338 0 0.000 0.000 0.000 0 0.00 0.000 0.000 0 0.000 0.000 0.0000 0.0000 0.52 0.422 
1745321016.9450414 0 0.000 0.000 0.000 0 0.00 0.000 0.000 0 0.000 0.000 0.0000 0.0000 0.52 0.422 
1745321016.961473 0 0.000 0.000 0.000 0 0.00 0.000 0.000 0 0.000 0.000 0.0000 0.0000 0.499 0.422 
1745321016.9755685 0 0.000 0.000 0.000 0 0.00 0.000 0.000 0 0.000 0.000 0.0000 0.0000 0.499 0.422 
1745321016.9905326 0 0.000 0.000 0.000 0 0.00 0.000 0.000 0 0.000 0.000 0.0000 0.0000 0.488 0.417 
1745321017.0048642 0 0.000 0.000 0.000 0 0.00 0.000 0.000 0 0.000 0.000 0.0000 0.0000 0.488 0.417 
1745321017.0205023 0 0.000 0.000 0.000 0 0.00 0.000 0.000 0 0.000 0.000 0.0000 0.0000 0.501 0.422 
1745321017.0349095 0 0.000 0.000 0.000 0 0.00 0.000 0.000 0 0.000 0.000 0.0000 0.0000 0.501 0.422 
1745321017.0502768 0 0.000 0.000 0.000 0 0.00 0.000 0.000 0 0.000 0.000 0.0000 0.0000 0.516 0.42 
1745321017.0656347 0 0.000 0.000 0.000 0 0.00 0.000 0.000 0 0.000 0.000 0.0000 0.0000 0.516 0.42 
1745321017.0800219 0 0.000 0.000 0.000 0 0.00 0.000 0.000 0 0.000 0.000 0.0000 0.0000 0.498 0.421 
1745321017.095563 0 0.000 0.000 0.000 0 0.00 0.000 0.000 0 0.000 0.000 0.0000 0.0000 0.498 0.421 
1745321017.110214 0 0.000 0.000 0.000 0 0.00 0.000 0.000 0 0.000 0.000 0.0000 0.0000 0.512 0.419 
1745321017.1252494 0 0.000 0.000 0.000 0 0.00 0.000 0.000 0 0.000 0.000 0.0000 0.0000 0.512 0.419 
1745321017.141096 0 0.000 0.000 0.000 0 0.00 0.000 0.000 0 0.000 0.000 0.0000 0.0000 0.515 0.418 
1745321017.1555295 0 0.000 0.000 0.000 0 0.00 0.000 0.000 0 0.000 0.000 0.0000 0.0000 0.515 0.418 
1745321017.1709495 0 0.000 0.000 0.000 0 0.00 0.000 0.000 0 0.000 0.000 0.0000 0.0000 0.519 0.421 
1745321017.1856105 0 0.000 0.000 0.000 0 0.00 0.000 0.000 0 0.000 0.000 0.0000 0.0000 0.519 0.421 
1745321017.2011611 0 0.000 0.000 0.000 0 0.00 0.000 0.000 0 0.000 0.000 0.0000 0.0000 0.519 0.421 
% 1745321017.2129033 robobot/cmd/ti/alive 2025-04-22 13:23:30.677601
1745321017.2158763 0 0.000 0.000 0.000 0 0.00 0.000 0.000 0 0.000 0.000 0.0000 0.0000 0.519 0.421 
1745321017.2313073 0 0.000 0.000 0.000 0 0.00 0.000 0.000 0 0.000 0.000 0.0000 0.0000 0.518 0.422 
1745321017.245803 0 0.000 0.000 0.000 0 0.00 0.000 0.000 0 0.000 0.000 0.0000 0.0000 0.518 0.422 
1745321017.2612069 0 0.000 0.000 0.000 0 0.00 0.000 0.000 0 0.000 0.000 0.0000 0.0000 0.519 0.421 
1745321017.2766914 0 0.000 0.000 0.000 0 0.00 0.000 0.000 0 0.000 0.000 0.0000 0.0000 0.519 0.421 
1745321017.2911847 0 0.000 0.000 0.000 0 0.00 0.000 0.000 0 0.000 0.000 0.0000 0.0000 0.519 0.42 
1745321017.3067224 0 0.000 0.000 0.000 0 0.00 0.000 0.000 0 0.000 0.000 0.0000 0.0000 0.519 0.42 
1745321017.321419 0 0.000 0.000 0.000 0 0.00 0.000 0.000 0 0.000 0.000 0.0000 0.0000 0.518 0.42 
1745321017.3358467 0 0.000 0.000 0.000 0 0.00 0.000 0.000 0 0.000 0.000 0.0000 0.0000 0.518 0.42 
1745321017.3512063 0 0.000 0.000 0.000 0 0.00 0.000 0.000 0 0.000 0.000 0.0000 0.0000 0.497 0.419 
1745321017.366635 0 0.000 0.000 0.000 0 0.00 0.000 0.000 0 0.000 0.000 0.0000 0.0000 0.497 0.419 
1745321017.3810775 0 0.000 0.000 0.000 0 0.00 0.000 0.000 0 0.000 0.000 0.0000 0.0000 0.512 0.42 
1745321017.396754 0 0.000 0.000 0.000 0 0.00 0.000 0.000 0 0.000 0.000 0.0000 0.0000 0.512 0.42 
1745321017.4110599 0 0.000 0.000 0.000 0 0.00 0.000 0.000 0 0.000 0.000 0.0000 0.0000 0.52 0.42 
1745321017.426445 0 0.000 0.000 0.000 0 0.00 0.000 0.000 0 0.000 0.000 0.0000 0.0000 0.52 0.42 
1745321017.4408226 0 0.000 0.000 0.000 0 0.00 0.000 0.000 0 0.000 0.000 0.0000 0.0000 0.52 0.42 
1745321017.4562867 0 0.000 0.000 0.000 0 0.00 0.000 0.000 0 0.000 0.000 0.0000 0.0000 0.52 0.42 
1745321017.4709504 0 0.000 0.000 0.000 0 0.00 0.000 0.000 0 0.000 0.000 0.0000 0.0000 0.518 0.421 
1745321017.486419 0 0.000 0.000 0.000 0 0.00 0.000 0.000 0 0.000 0.000 0.0000 0.0000 0.518 0.421 
1745321017.5008013 0 0.000 0.000 0.000 0 0.00 0.000 0.000 0 0.000 0.000 0.0000 0.0000 0.498 0.421 
1745321017.5162895 0 0.000 0.000 0.000 0 0.00 0.000 0.000 0 0.000 0.000 0.0000 0.0000 0.498 0.421 
1745321017.5316947 0 0.000 0.000 0.000 0 0.00 0.000 0.000 0 0.000 0.000 0.0000 0.0000 0.511 0.421 
1745321017.5461352 0 0.000 0.000 0.000 0 0.00 0.000 0.000 0 0.000 0.000 0.0000 0.0000 0.511 0.421 
1745321017.5615737 0 0.000 0.000 0.000 0 0.00 0.000 0.000 0 0.000 0.000 0.0000 0.0000 0.518 0.421 
1745321017.5760295 0 0.000 0.000 0.000 0 0.00 0.000 0.000 0 0.000 0.000 0.0000 0.0000 0.518 0.421 
1745321017.5915134 0 0.000 0.000 0.000 0 0.00 0.000 0.000 0 0.000 0.000 0.0000 0.0000 0.519 0.421 
1745321017.6058884 0 0.000 0.000 0.000 0 0.00 0.000 0.000 0 0.000 0.000 0.0000 0.0000 0.519 0.421 
1745321017.6218069 0 0.000 0.000 0.000 0 0.00 0.000 0.000 0 0.000 0.000 0.0000 0.0000 0.518 0.422 
1745321017.6359704 0 0.000 0.000 0.000 0 0.00 0.000 0.000 0 0.000 0.000 0.0000 0.0000 0.518 0.422 
1745321017.6516685 0 0.000 0.000 0.000 0 0.00 0.000 0.000 0 0.000 0.000 0.0000 0.0000 0.499 0.42 
1745321017.6660554 0 0.000 0.000 0.000 0 0.00 0.000 0.000 0 0.000 0.000 0.0000 0.0000 0.499 0.42 
1745321017.6814027 0 0.000 0.000 0.000 0 0.00 0.000 0.000 0 0.000 0.000 0.0000 0.0000 0.496 0.421 
1745321017.695829 0 0.000 0.000 0.000 0 0.00 0.000 0.000 0 0.000 0.000 0.0000 0.0000 0.496 0.421 
1745321017.7114136 0 0.000 0.000 0.000 0 0.00 0.000 0.000 0 0.000 0.000 0.0000 0.0000 0.499 0.422 
% 1745321017.7139711 robobot/cmd/ti/alive 2025-04-22 13:23:30.677601
1745321017.7269332 0 0.000 0.000 0.000 0 0.00 0.000 0.000 0 0.000 0.000 0.0000 0.0000 0.499 0.422 
1745321017.741247 0 0.000 0.000 0.000 0 0.00 0.000 0.000 0 0.000 0.000 0.0000 0.0000 0.515 0.42 
1745321017.756689 0 0.000 0.000 0.000 0 0.00 0.000 0.000 0 0.000 0.000 0.0000 0.0000 0.515 0.42 
1745321017.77113 0 0.000 0.000 0.000 0 0.00 0.000 0.000 0 0.000 0.000 0.0000 0.0000 0.518 0.421 
1745321017.786925 0 0.000 0.000 0.000 0 0.00 0.000 0.000 0 0.000 0.000 0.0000 0.0000 0.518 0.421 
1745321017.8012986 0 0.000 0.000 0.000 0 0.00 0.000 0.000 0 0.000 0.000 0.0000 0.0000 0.518 0.421 
1745321017.8168907 0 0.000 0.000 0.000 0 0.00 0.000 0.000 0 0.000 0.000 0.0000 0.0000 0.518 0.421 
1745321017.8312182 0 0.000 0.000 0.000 0 0.00 0.000 0.000 0 0.000 0.000 0.0000 0.0000 0.518 0.42 
1745321017.8467135 0 0.000 0.000 0.000 0 0.00 0.000 0.000 0 0.000 0.000 0.0000 0.0000 0.518 0.42 
1745321017.8621175 0 0.000 0.000 0.000 0 0.00 0.000 0.000 0 0.000 0.000 0.0000 0.0000 0.519 0.421 
1745321017.8764884 0 0.000 0.000 0.000 0 0.00 0.000 0.000 0 0.000 0.000 0.0000 0.0000 0.519 0.421 
1745321017.8920023 0 0.000 0.000 0.000 0 0.00 0.000 0.000 0 0.000 0.000 0.0000 0.0000 0.518 0.421 
1745321017.9076002 0 0.000 0.000 0.000 0 0.00 0.000 0.000 0 0.000 0.000 0.0000 0.0000 0.518 0.421 
1745321017.9221668 0 0.000 0.000 0.000 0 0.00 0.000 0.000 0 0.000 0.000 0.0000 0.0000 0.518 0.419 
1745321017.9375496 0 0.000 0.000 0.000 0 0.00 0.000 0.000 0 0.000 0.000 0.0000 0.0000 0.518 0.419 
1745321017.9519167 0 0.000 0.000 0.000 0 0.00 0.000 0.000 0 0.000 0.000 0.0000 0.0000 0.519 0.422 
1745321017.9673324 0 0.000 0.000 0.000 0 0.00 0.000 0.000 0 0.000 0.000 0.0000 0.0000 0.519 0.422 
1745321017.9827049 0 0.000 0.000 0.000 0 0.00 0.000 0.000 0 0.000 0.000 0.0000 0.0000 0.52 0.42 
1745321017.9971313 0 0.000 0.000 0.000 0 0.00 0.000 0.000 0 0.000 0.000 0.0000 0.0000 0.52 0.42 
1745321018.0125124 0 0.000 0.000 0.000 0 0.00 0.000 0.000 0 0.000 0.000 0.0000 0.0000 0.518 0.421 
1745321018.0269148 0 0.000 0.000 0.000 0 0.00 0.000 0.000 0 0.000 0.000 0.0000 0.0000 0.518 0.421 
1745321018.042376 0 0.000 0.000 0.000 0 0.00 0.000 0.000 0 0.000 0.000 0.0000 0.0000 0.52 0.42 
1745321018.0570886 0 0.000 0.000 0.000 0 0.00 0.000 0.000 0 0.000 0.000 0.0000 0.0000 0.52 0.42 
1745321018.072368 0 0.000 0.000 0.000 0 0.00 0.000 0.000 0 0.000 0.000 0.0000 0.0000 0.519 0.422 
1745321018.0868804 0 0.000 0.000 0.000 0 0.00 0.000 0.000 0 0.000 0.000 0.0000 0.0000 0.519 0.422 
1745321018.1022007 0 0.000 0.000 0.000 0 0.00 0.000 0.000 0 0.000 0.000 0.0000 0.0000 0.51 0.422 
1745321018.1175811 0 0.000 0.000 0.000 0 0.00 0.000 0.000 0 0.000 0.000 0.0000 0.0000 0.51 0.422 
1745321018.132267 0 0.000 0.000 0.000 0 0.00 0.000 0.000 0 0.000 0.000 0.0000 0.0000 0.497 0.42 
1745321018.146728 0 0.000 0.000 0.000 0 0.00 0.000 0.000 0 0.000 0.000 0.0000 0.0000 0.497 0.42 
1745321018.1621697 0 0.000 0.000 0.000 0 0.00 0.000 0.000 0 0.000 0.000 0.0000 0.0000 0.493 0.421 
1745321018.1777685 0 0.000 0.000 0.000 0 0.00 0.000 0.000 0 0.000 0.000 0.0000 0.0000 0.493 0.421 
1745321018.1922185 0 0.000 0.000 0.000 0 0.00 0.000 0.000 0 0.000 0.000 0.0000 0.0000 0.511 0.421 
1745321018.2077498 0 0.000 0.000 0.000 0 0.00 0.000 0.000 0 0.000 0.000 0.0000 0.0000 0.511 0.421 
% 1745321018.2149642 robobot/cmd/ti/alive 2025-04-22 13:23:30.677601
1745321018.2221296 0 0.000 0.000 0.000 0 0.00 0.000 0.000 0 0.000 0.000 0.0000 0.0000 0.518 0.421 
1745321018.2377343 0 0.000 0.000 0.000 0 0.00 0.000 0.000 0 0.000 0.000 0.0000 0.0000 0.518 0.421 
1745321018.2520647 0 0.000 0.000 0.000 0 0.00 0.000 0.000 0 0.000 0.000 0.0000 0.0000 0.52 0.421 
1745321018.267768 0 0.000 0.000 0.000 0 0.00 0.000 0.000 0 0.000 0.000 0.0000 0.0000 0.52 0.421 
1745321018.2820742 0 0.000 0.000 0.000 0 0.00 0.000 0.000 0 0.000 0.000 0.0000 0.0000 0.518 0.42 
1745321018.2977054 0 0.000 0.000 0.000 0 0.00 0.000 0.000 0 0.000 0.000 0.0000 0.0000 0.518 0.42 
1745321018.3123686 0 0.000 0.000 0.000 0 0.00 0.000 0.000 0 0.000 0.000 0.0000 0.0000 0.498 0.421 
1745321018.3276029 0 0.000 0.000 0.000 0 0.00 0.000 0.000 0 0.000 0.000 0.0000 0.0000 0.498 0.421 
1745321018.3422487 0 0.000 0.000 0.000 0 0.00 0.000 0.000 0 0.000 0.000 0.0000 0.0000 0.507 0.42 
1745321018.3579075 0 0.000 0.000 0.000 0 0.00 0.000 0.000 0 0.000 0.000 0.0000 0.0000 0.507 0.42 
1745321018.3725295 0 0.000 0.000 0.000 0 0.00 0.000 0.000 0 0.000 0.000 0.0000 0.0000 0.507 0.421 
1745321018.3877804 0 0.000 0.000 0.000 0 0.00 0.000 0.000 0 0.000 0.000 0.0000 0.0000 0.507 0.421 
1745321018.4022536 0 0.000 0.000 0.000 0 0.00 0.000 0.000 0 0.000 0.000 0.0000 0.0000 0.496 0.422 
1745321018.417738 0 0.000 0.000 0.000 0 0.00 0.000 0.000 0 0.000 0.000 0.0000 0.0000 0.496 0.422 
1745321018.4324567 0 0.000 0.000 0.000 0 0.00 0.000 0.000 0 0.000 0.000 0.0000 0.0000 0.515 0.42 
1745321018.4478877 0 0.000 0.000 0.000 0 0.00 0.000 0.000 0 0.000 0.000 0.0000 0.0000 0.515 0.42 
1745321018.4623237 0 0.000 0.000 0.000 0 0.00 0.000 0.000 0 0.000 0.000 0.0000 0.0000 0.502 0.421 
1745321018.477762 0 0.000 0.000 0.000 0 0.00 0.000 0.000 0 0.000 0.000 0.0000 0.0000 0.502 0.421 
1745321018.492564 0 0.000 0.000 0.000 0 0.00 0.000 0.000 0 0.000 0.000 0.0000 0.0000 0.507 0.42 
1745321018.5079107 0 0.000 0.000 0.000 0 0.00 0.000 0.000 0 0.000 0.000 0.0000 0.0000 0.507 0.42 
1745321018.5222373 0 0.000 0.000 0.000 0 0.00 0.000 0.000 0 0.000 0.000 0.0000 0.0000 0.517 0.42 
1745321018.5377493 0 0.000 0.000 0.000 0 0.00 0.000 0.000 0 0.000 0.000 0.0000 0.0000 0.517 0.42 
1745321018.5521193 0 0.000 0.000 0.000 0 0.00 0.000 0.000 0 0.000 0.000 0.0000 0.0000 0.519 0.421 
1745321018.5681777 0 0.000 0.000 0.000 0 0.00 0.000 0.000 0 0.000 0.000 0.0000 0.0000 0.519 0.421 
1745321018.5828447 0 0.000 0.000 0.000 0 0.00 0.000 0.000 0 0.000 0.000 0.0000 0.0000 0.517 0.419 
1745321018.5981965 0 0.000 0.000 0.000 0 0.00 0.000 0.000 0 0.000 0.000 0.0000 0.0000 0.517 0.419 
1745321018.6128616 0 0.000 0.000 0.000 0 0.00 0.000 0.000 0 0.000 0.000 0.0000 0.0000 0.518 0.422 
1745321018.6281676 0 0.000 0.000 0.000 0 0.00 0.000 0.000 0 0.000 0.000 0.0000 0.0000 0.518 0.422 
1745321018.6436636 0 0.000 0.000 0.000 0 0.00 0.000 0.000 0 0.000 0.000 0.0000 0.0000 0.518 0.421 
1745321018.658298 0 0.000 0.000 0.000 0 0.00 0.000 0.000 0 0.000 0.000 0.0000 0.0000 0.518 0.421 
1745321018.6727667 0 0.000 0.000 0.000 0 0.00 0.000 0.000 0 0.000 0.000 0.0000 0.0000 0.521 0.42 
1745321018.6881723 0 0.000 0.000 0.000 0 0.00 0.000 0.000 0 0.000 0.000 0.0000 0.0000 0.521 0.42 
1745321018.7035928 0 0.000 0.000 0.000 0 0.00 0.000 0.000 0 0.000 0.000 0.0000 0.0000 0.52 0.422 
% 1745321018.716351 robobot/cmd/ti/alive 2025-04-22 13:23:30.677601
1745321018.7180152 0 0.000 0.000 0.000 0 0.00 0.000 0.000 0 0.000 0.000 0.0000 0.0000 0.52 0.422 
1745321018.7333775 0 0.000 0.000 0.000 0 0.00 0.000 0.000 0 0.000 0.000 0.0000 0.0000 0.52 0.422 
1745321018.747781 0 0.000 0.000 0.000 0 0.00 0.000 0.000 0 0.000 0.000 0.0000 0.0000 0.52 0.422 
1745321018.7632315 0 0.000 0.000 0.000 0 0.00 0.000 0.000 0 0.000 0.000 0.0000 0.0000 0.507 0.422 
1745321018.778661 0 0.000 0.000 0.000 0 0.00 0.000 0.000 0 0.000 0.000 0.0000 0.0000 0.507 0.422 
1745321018.7930706 0 0.000 0.000 0.000 0 0.00 0.000 0.000 0 0.000 0.000 0.0000 0.0000 0.502 0.421 
1745321018.8085303 0 0.000 0.000 0.000 0 0.00 0.000 0.000 0 0.000 0.000 0.0000 0.0000 0.502 0.421 
1745321018.822875 0 0.000 0.000 0.000 0 0.00 0.000 0.000 0 0.000 0.000 0.0000 0.0000 0.514 0.421 
1745321018.8384295 0 0.000 0.000 0.000 0 0.00 0.000 0.000 0 0.000 0.000 0.0000 0.0000 0.514 0.421 
1745321018.8527682 0 0.000 0.000 0.000 0 0.00 0.000 0.000 0 0.000 0.000 0.0000 0.0000 0.497 0.423 
1745321018.868339 0 0.000 0.000 0.000 0 0.00 0.000 0.000 0 0.000 0.000 0.0000 0.0000 0.497 0.423 
1745321018.8828065 0 0.000 0.000 0.000 0 0.00 0.000 0.000 0 0.000 0.000 0.0000 0.0000 0.495 0.424 
1745321018.8982646 0 0.000 0.000 0.000 0 0.00 0.000 0.000 0 0.000 0.000 0.0000 0.0000 0.495 0.424 
1745321018.912975 0 0.000 0.000 0.000 0 0.00 0.000 0.000 0 0.000 0.000 0.0000 0.0000 0.493 0.422 
1745321018.9279687 0 0.000 0.000 0.000 0 0.00 0.000 0.000 0 0.000 0.000 0.0000 0.0000 0.493 0.422 
1745321018.943435 0 0.000 0.000 0.000 0 0.00 0.000 0.000 0 0.000 0.000 0.0000 0.0000 0.494 0.422 
1745321018.957977 0 0.000 0.000 0.000 0 0.00 0.000 0.000 0 0.000 0.000 0.0000 0.0000 0.494 0.422 
1745321018.9735203 0 0.000 0.000 0.000 0 0.00 0.000 0.000 0 0.000 0.000 0.0000 0.0000 0.516 0.421 
1745321018.9879975 0 0.000 0.000 0.000 0 0.00 0.000 0.000 0 0.000 0.000 0.0000 0.0000 0.516 0.421 
1745321019.0034504 0 0.000 0.000 0.000 0 0.00 0.000 0.000 0 0.000 0.000 0.0000 0.0000 0.504 0.422 
1745321019.017896 0 0.000 0.000 0.000 0 0.00 0.000 0.000 0 0.000 0.000 0.0000 0.0000 0.504 0.422 
1745321019.0333538 0 0.000 0.000 0.000 0 0.00 0.000 0.000 0 0.000 0.000 0.0000 0.0000 0.493 0.422 
1745321019.0487876 0 0.000 0.000 0.000 0 0.00 0.000 0.000 0 0.000 0.000 0.0000 0.0000 0.493 0.422 
1745321019.0632546 0 0.000 0.000 0.000 0 0.00 0.000 0.000 0 0.000 0.000 0.0000 0.0000 0.5 0.422 
1745321019.0788903 0 0.000 0.000 0.000 0 0.00 0.000 0.000 0 0.000 0.000 0.0000 0.0000 0.5 0.422 
1745321019.0931675 0 0.000 0.000 0.000 0 0.00 0.000 0.000 0 0.000 0.000 0.0000 0.0000 0.514 0.421 
1745321019.1086524 0 0.000 0.000 0.000 0 0.00 0.000 0.000 0 0.000 0.000 0.0000 0.0000 0.514 0.421 
1745321019.123208 0 0.000 0.000 0.000 0 0.00 0.000 0.000 0 0.000 0.000 0.0000 0.0000 0.497 0.421 
1745321019.138878 0 0.000 0.000 0.000 0 0.00 0.000 0.000 0 0.000 0.000 0.0000 0.0000 0.497 0.421 
1745321019.1532784 0 0.000 0.000 0.000 0 0.00 0.000 0.000 0 0.000 0.000 0.0000 0.0000 0.51 0.421 
1745321019.1688118 0 0.000 0.000 0.000 0 0.00 0.000 0.000 0 0.000 0.000 0.0000 0.0000 0.51 0.421 
1745321019.183592 0 0.000 0.000 0.000 0 0.00 0.000 0.000 0 0.000 0.000 0.0000 0.0000 0.517 0.422 
1745321019.198848 0 0.000 0.000 0.000 0 0.00 0.000 0.000 0 0.000 0.000 0.0000 0.0000 0.517 0.422 
1745321019.2133057 0 0.000 0.000 0.000 0 0.00 0.000 0.000 0 0.000 0.000 0.0000 0.0000 0.52 0.42 
% 1745321019.2172997 robobot/cmd/ti/alive 2025-04-22 13:23:30.677601
1745321019.2287774 0 0.000 0.000 0.000 0 0.00 0.000 0.000 0 0.000 0.000 0.0000 0.0000 0.52 0.42 
1745321019.24431 0 0.000 0.000 0.000 0 0.00 0.000 0.000 0 0.000 0.000 0.0000 0.0000 0.498 0.422 
1745321019.2587738 0 0.000 0.000 0.000 0 0.00 0.000 0.000 0 0.000 0.000 0.0000 0.0000 0.498 0.422 
1745321019.2742398 0 0.000 0.000 0.000 0 0.00 0.000 0.000 0 0.000 0.000 0.0000 0.0000 0.512 0.421 
1745321019.2899225 0 0.000 0.000 0.000 0 0.00 0.000 0.000 0 0.000 0.000 0.0000 0.0000 0.512 0.421 
1745321019.3041415 0 0.000 0.000 0.000 0 0.00 0.000 0.000 0 0.000 0.000 0.0000 0.0000 0.505 0.422 
1745321019.3188336 0 0.000 0.000 0.000 0 0.00 0.000 0.000 0 0.000 0.000 0.0000 0.0000 0.505 0.422 
1745321019.334493 0 0.000 0.000 0.000 0 0.00 0.000 0.000 0 0.000 0.000 0.0000 0.0000 0.501 0.421 
1745321019.348909 0 0.000 0.000 0.000 0 0.00 0.000 0.000 0 0.000 0.000 0.0000 0.0000 0.501 0.421 
1745321019.3644426 0 0.000 0.000 0.000 0 0.00 0.000 0.000 0 0.000 0.000 0.0000 0.0000 0.515 0.419 
1745321019.378882 0 0.000 0.000 0.000 0 0.00 0.000 0.000 0 0.000 0.000 0.0000 0.0000 0.515 0.419 
1745321019.3945322 0 0.000 0.000 0.000 0 0.00 0.000 0.000 0 0.000 0.000 0.0000 0.0000 0.519 0.421 
1745321019.4089992 0 0.000 0.000 0.000 0 0.00 0.000 0.000 0 0.000 0.000 0.0000 0.0000 0.519 0.421 
1745321019.4246674 0 0.000 0.000 0.000 0 0.00 0.000 0.000 0 0.000 0.000 0.0000 0.0000 0.519 0.422 
1745321019.4390461 0 0.000 0.000 0.000 0 0.00 0.000 0.000 0 0.000 0.000 0.0000 0.0000 0.519 0.422 
1745321019.4545407 0 0.000 0.000 0.000 0 0.00 0.000 0.000 0 0.000 0.000 0.0000 0.0000 0.519 0.421 
1745321019.4689379 0 0.000 0.000 0.000 0 0.00 0.000 0.000 0 0.000 0.000 0.0000 0.0000 0.519 0.421 
1745321019.4843848 0 0.000 0.000 0.000 0 0.00 0.000 0.000 0 0.000 0.000 0.0000 0.0000 0.52 0.422 
1745321019.514045 0 0.000 0.000 0.000 0 0.00 0.000 0.000 0 0.000 0.000 0.0000 0.0000 0.52 0.422 
1745321019.5146992 0 0.000 0.000 0.000 0 0.00 0.000 0.000 0 0.000 0.000 0.0000 0.0000 0.519 0.418 
1745321019.5290322 0 0.000 0.000 0.000 0 0.00 0.000 0.000 0 0.000 0.000 0.0000 0.0000 0.519 0.418 
1745321019.5445101 0 0.000 0.000 0.000 0 0.00 0.000 0.000 0 0.000 0.000 0.0000 0.0000 0.519 0.42 
1745321019.5588682 0 0.000 0.000 0.000 0 0.00 0.000 0.000 0 0.000 0.000 0.0000 0.0000 0.519 0.42 
1745321019.5744314 0 0.000 0.000 0.000 0 0.00 0.000 0.000 0 0.000 0.000 0.0000 0.0000 0.519 0.42 
1745321019.5890982 0 0.000 0.000 0.000 0 0.00 0.000 0.000 0 0.000 0.000 0.0000 0.0000 0.519 0.42 
1745321019.6049287 0 0.000 0.000 0.000 0 0.00 0.000 0.000 0 0.000 0.000 0.0000 0.0000 0.519 0.42 
1745321019.6194172 0 0.000 0.000 0.000 0 0.00 0.000 0.000 0 0.000 0.000 0.0000 0.0000 0.519 0.42 
1745321019.6337588 0 0.000 0.000 0.000 0 0.00 0.000 0.000 0 0.000 0.000 0.0000 0.0000 0.52 0.421 
1745321019.6493766 0 0.000 0.000 0.000 0 0.00 0.000 0.000 0 0.000 0.000 0.0000 0.0000 0.52 0.421 
1745321019.6648064 0 0.000 0.000 0.000 0 0.00 0.000 0.000 0 0.000 0.000 0.0000 0.0000 0.498 0.42 
1745321019.679204 0 0.000 0.000 0.000 0 0.00 0.000 0.000 0 0.000 0.000 0.0000 0.0000 0.498 0.42 
1745321019.6938019 0 0.000 0.000 0.000 0 0.00 0.000 0.000 0 0.000 0.000 0.0000 0.0000 0.494 0.421 
1745321019.709296 0 0.000 0.000 0.000 0 0.00 0.000 0.000 0 0.000 0.000 0.0000 0.0000 0.494 0.421 
% 1745321019.718398 robobot/cmd/ti/alive 2025-04-22 13:23:30.677601
1745321019.72475 0 0.000 0.000 0.000 0 0.00 0.000 0.000 0 0.000 0.000 0.0000 0.0000 0.493 0.421 
1745321019.7392325 0 0.000 0.000 0.000 0 0.00 0.000 0.000 0 0.000 0.000 0.0000 0.0000 0.493 0.421 
1745321019.7547638 0 0.000 0.000 0.000 0 0.00 0.000 0.000 0 0.000 0.000 0.0000 0.0000 0.494 0.421 
1745321019.7693753 0 0.000 0.000 0.000 0 0.00 0.000 0.000 0 0.000 0.000 0.0000 0.0000 0.494 0.421 
1745321019.784009 0 0.000 0.000 0.000 0 0.00 0.000 0.000 0 0.000 0.000 0.0000 0.0000 0.515 0.421 
1745321019.7993078 0 0.000 0.000 0.000 0 0.00 0.000 0.000 0 0.000 0.000 0.0000 0.0000 0.515 0.421 
1745321019.8147776 0 0.000 0.000 0.000 0 0.00 0.000 0.000 0 0.000 0.000 0.0000 0.0000 0.519 0.421 
1745321019.8292153 0 0.000 0.000 0.000 0 0.00 0.000 0.000 0 0.000 0.000 0.0000 0.0000 0.519 0.421 
1745321019.8447096 0 0.000 0.000 0.000 0 0.00 0.000 0.000 0 0.000 0.000 0.0000 0.0000 0.518 0.422 
1745321019.8593774 0 0.000 0.000 0.000 0 0.00 0.000 0.000 0 0.000 0.000 0.0000 0.0000 0.518 0.422 
1745321019.8747885 0 0.000 0.000 0.000 0 0.00 0.000 0.000 0 0.000 0.000 0.0000 0.0000 0.519 0.422 
1745321019.8894386 0 0.000 0.000 0.000 0 0.00 0.000 0.000 0 0.000 0.000 0.0000 0.0000 0.519 0.422 
1745321019.9049792 0 0.000 0.000 0.000 0 0.00 0.000 0.000 0 0.000 0.000 0.0000 0.0000 0.52 0.42 
1745321019.9204135 0 0.000 0.000 0.000 0 0.00 0.000 0.000 0 0.000 0.000 0.0000 0.0000 0.52 0.42 
1745321019.9348726 0 0.000 0.000 0.000 0 0.00 0.000 0.000 0 0.000 0.000 0.0000 0.0000 0.519 0.422 
1745321019.9503403 0 0.000 0.000 0.000 0 0.00 0.000 0.000 0 0.000 0.000 0.0000 0.0000 0.519 0.422 
1745321019.964943 0 0.000 0.000 0.000 0 0.00 0.000 0.000 0 0.000 0.000 0.0000 0.0000 0.519 0.421 
1745321019.980301 0 0.000 0.000 0.000 0 0.00 0.000 0.000 0 0.000 0.000 0.0000 0.0000 0.519 0.421 
1745321019.9946709 0 0.000 0.000 0.000 0 0.00 0.000 0.000 0 0.000 0.000 0.0000 0.0000 0.52 0.422 
1745321020.0101323 0 0.000 0.000 0.000 0 0.00 0.000 0.000 0 0.000 0.000 0.0000 0.0000 0.52 0.422 
1745321020.0256925 0 0.000 0.000 0.000 0 0.00 0.000 0.000 0 0.000 0.000 0.0000 0.0000 0.519 0.421 
1745321020.0401003 0 0.000 0.000 0.000 0 0.00 0.000 0.000 0 0.000 0.000 0.0000 0.0000 0.519 0.421 
1745321020.0555098 0 0.000 0.000 0.000 0 0.00 0.000 0.000 0 0.000 0.000 0.0000 0.0000 0.52 0.421 
1745321020.0699005 0 0.000 0.000 0.000 0 0.00 0.000 0.000 0 0.000 0.000 0.0000 0.0000 0.52 0.421 
1745321020.0853646 0 0.000 0.000 0.000 0 0.00 0.000 0.000 0 0.000 0.000 0.0000 0.0000 0.522 0.423 
1745321020.101125 0 0.000 0.000 0.000 0 0.00 0.000 0.000 0 0.000 0.000 0.0000 0.0000 0.522 0.423 
1745321020.1156528 0 0.000 0.000 0.000 0 0.00 0.000 0.000 0 0.000 0.000 0.0000 0.0000 0.518 0.419 
1745321020.130157 0 0.000 0.000 0.000 0 0.00 0.000 0.000 0 0.000 0.000 0.0000 0.0000 0.518 0.419 
1745321020.1451983 0 0.000 0.000 0.000 0 0.00 0.000 0.000 0 0.000 0.000 0.0000 0.0000 0.519 0.418 
1745321020.160404 0 0.000 0.000 0.000 0 0.00 0.000 0.000 0 0.000 0.000 0.0000 0.0000 0.519 0.418 
1745321020.175029 0 0.000 0.000 0.000 0 0.00 0.000 0.000 0 0.000 0.000 0.0000 0.0000 0.519 0.42 
1745321020.1904135 0 0.000 0.000 0.000 0 0.00 0.000 0.000 0 0.000 0.000 0.0000 0.0000 0.519 0.42 
1745321020.2047167 0 0.000 0.000 0.000 0 0.00 0.000 0.000 0 0.000 0.000 0.0000 0.0000 0.499 0.421 
% 1745321020.219379 robobot/cmd/ti/alive 2025-04-22 13:23:30.677601
1745321020.2202697 0 0.000 0.000 0.000 0 0.00 0.000 0.000 0 0.000 0.000 0.0000 0.0000 0.499 0.421 
1745321020.2347338 0 0.000 0.000 0.000 0 0.00 0.000 0.000 0 0.000 0.000 0.0000 0.0000 0.513 0.421 
1745321020.2502432 0 0.000 0.000 0.000 0 0.00 0.000 0.000 0 0.000 0.000 0.0000 0.0000 0.513 0.421 
1745321020.2648327 0 0.000 0.000 0.000 0 0.00 0.000 0.000 0 0.000 0.000 0.0000 0.0000 0.506 0.421 
1745321020.2802317 0 0.000 0.000 0.000 0 0.00 0.000 0.000 0 0.000 0.000 0.0000 0.0000 0.506 0.421 
1745321020.295779 0 0.000 0.000 0.000 0 0.00 0.000 0.000 0 0.000 0.000 0.0000 0.0000 0.496 0.42 
1745321020.3100939 0 0.000 0.000 0.000 0 0.00 0.000 0.000 0 0.000 0.000 0.0000 0.0000 0.496 0.42 
1745321020.3255336 0 0.000 0.000 0.000 0 0.00 0.000 0.000 0 0.000 0.000 0.0000 0.0000 0.495 0.421 
1745321020.340003 0 0.000 0.000 0.000 0 0.00 0.000 0.000 0 0.000 0.000 0.0000 0.0000 0.495 0.421 
1745321020.3557422 0 0.000 0.000 0.000 0 0.00 0.000 0.000 0 0.000 0.000 0.0000 0.0000 0.495 0.42 
1745321020.3702216 0 0.000 0.000 0.000 0 0.00 0.000 0.000 0 0.000 0.000 0.0000 0.0000 0.495 0.42 
1745321020.3857675 0 0.000 0.000 0.000 0 0.00 0.000 0.000 0 0.000 0.000 0.0000 0.0000 0.504 0.42 
1745321020.400116 0 0.000 0.000 0.000 0 0.00 0.000 0.000 0 0.000 0.000 0.0000 0.0000 0.504 0.42 
1745321020.4157372 0 0.000 0.000 0.000 0 0.00 0.000 0.000 0 0.000 0.000 0.0000 0.0000 0.518 0.421 
1745321020.4300988 0 0.000 0.000 0.000 0 0.00 0.000 0.000 0 0.000 0.000 0.0000 0.0000 0.518 0.421 
1745321020.445834 0 0.000 0.000 0.000 0 0.00 0.000 0.000 0 0.000 0.000 0.0000 0.0000 0.518 0.419 
1745321020.4602215 0 0.000 0.000 0.000 0 0.00 0.000 0.000 0 0.000 0.000 0.0000 0.0000 0.518 0.419 
1745321020.4756916 0 0.000 0.000 0.000 0 0.00 0.000 0.000 0 0.000 0.000 0.0000 0.0000 0.519 0.42 
1745321020.4900582 0 0.000 0.000 0.000 0 0.00 0.000 0.000 0 0.000 0.000 0.0000 0.0000 0.519 0.42 
1745321020.5055106 0 0.000 0.000 0.000 0 0.00 0.000 0.000 0 0.000 0.000 0.0000 0.0000 0.519 0.421 
1745321020.5209448 0 0.000 0.000 0.000 0 0.00 0.000 0.000 0 0.000 0.000 0.0000 0.0000 0.519 0.421 
1745321020.5354176 0 0.000 0.000 0.000 0 0.00 0.000 0.000 0 0.000 0.000 0.0000 0.0000 0.519 0.421 
1745321020.550802 0 0.000 0.000 0.000 0 0.00 0.000 0.000 0 0.000 0.000 0.0000 0.0000 0.519 0.421 
1745321020.5655406 0 0.000 0.000 0.000 0 0.00 0.000 0.000 0 0.000 0.000 0.0000 0.0000 0.519 0.422 
1745321020.5809464 0 0.000 0.000 0.000 0 0.00 0.000 0.000 0 0.000 0.000 0.0000 0.0000 0.519 0.422 
1745321020.5956266 0 0.000 0.000 0.000 0 0.00 0.000 0.000 0 0.000 0.000 0.0000 0.0000 0.519 0.419 
1745321020.6106799 0 0.000 0.000 0.000 0 0.00 0.000 0.000 0 0.000 0.000 0.0000 0.0000 0.519 0.419 
1745321020.6264737 0 0.000 0.000 0.000 0 0.00 0.000 0.000 0 0.000 0.000 0.0000 0.0000 0.519 0.42 
1745321020.6409612 0 0.000 0.000 0.000 0 0.00 0.000 0.000 0 0.000 0.000 0.0000 0.0000 0.519 0.42 
1745321020.6565077 0 0.000 0.000 0.000 0 0.00 0.000 0.000 0 0.000 0.000 0.0000 0.0000 0.502 0.421 
1745321020.6709406 0 0.000 0.000 0.000 0 0.00 0.000 0.000 0 0.000 0.000 0.0000 0.0000 0.502 0.421 
1745321020.6866066 0 0.000 0.000 0.000 0 0.00 0.000 0.000 0 0.000 0.000 0.0000 0.0000 0.504 0.42 
1745321020.7009351 0 0.000 0.000 0.000 0 0.00 0.000 0.000 0 0.000 0.000 0.0000 0.0000 0.504 0.42 
1745321020.716545 0 0.000 0.000 0.000 0 0.00 0.000 0.000 0 0.000 0.000 0.0000 0.0000 0.515 0.421 
% 1745321020.7204483 robobot/cmd/ti/alive 2025-04-22 13:23:30.677601
1745321020.7312958 0 0.000 0.000 0.000 0 0.00 0.000 0.000 0 0.000 0.000 0.0000 0.0000 0.515 0.421 
1745321020.7459047 0 0.000 0.000 0.000 0 0.00 0.000 0.000 0 0.000 0.000 0.0000 0.0000 0.518 0.42 
1745321020.7613122 0 0.000 0.000 0.000 0 0.00 0.000 0.000 0 0.000 0.000 0.0000 0.0000 0.518 0.42 
1745321020.7758074 0 0.000 0.000 0.000 0 0.00 0.000 0.000 0 0.000 0.000 0.0000 0.0000 0.519 0.421 
1745321020.7913213 0 0.000 0.000 0.000 0 0.00 0.000 0.000 0 0.000 0.000 0.0000 0.0000 0.519 0.421 
1745321020.805974 0 0.000 0.000 0.000 0 0.00 0.000 0.000 0 0.000 0.000 0.0000 0.0000 0.52 0.421 
1745321020.8214352 0 0.000 0.000 0.000 0 0.00 0.000 0.000 0 0.000 0.000 0.0000 0.0000 0.52 0.421 
1745321020.8358629 0 0.000 0.000 0.000 0 0.00 0.000 0.000 0 0.000 0.000 0.0000 0.0000 0.518 0.42 
1745321020.8512354 0 0.000 0.000 0.000 0 0.00 0.000 0.000 0 0.000 0.000 0.0000 0.0000 0.518 0.42 
1745321020.8658056 0 0.000 0.000 0.000 0 0.00 0.000 0.000 0 0.000 0.000 0.0000 0.0000 0.5 0.421 
1745321020.881302 0 0.000 0.000 0.000 0 0.00 0.000 0.000 0 0.000 0.000 0.0000 0.0000 0.5 0.421 
1745321020.8968172 0 0.000 0.000 0.000 0 0.00 0.000 0.000 0 0.000 0.000 0.0000 0.0000 0.513 0.421 
1745321020.9111695 0 0.000 0.000 0.000 0 0.00 0.000 0.000 0 0.000 0.000 0.0000 0.0000 0.513 0.421 
1745321020.9267821 0 0.000 0.000 0.000 0 0.00 0.000 0.000 0 0.000 0.000 0.0000 0.0000 0.518 0.421 
1745321020.9412155 0 0.000 0.000 0.000 0 0.00 0.000 0.000 0 0.000 0.000 0.0000 0.0000 0.518 0.421 
1745321020.9569337 0 0.000 0.000 0.000 0 0.00 0.000 0.000 0 0.000 0.000 0.0000 0.0000 0.518 0.421 
1745321020.971249 0 0.000 0.000 0.000 0 0.00 0.000 0.000 0 0.000 0.000 0.0000 0.0000 0.518 0.421 
1745321020.986852 0 0.000 0.000 0.000 0 0.00 0.000 0.000 0 0.000 0.000 0.0000 0.0000 0.519 0.42 
1745321021.0015507 0 0.000 0.000 0.000 0 0.00 0.000 0.000 0 0.000 0.000 0.0000 0.0000 0.519 0.42 
1745321021.0160973 0 0.000 0.000 0.000 0 0.00 0.000 0.000 0 0.000 0.000 0.0000 0.0000 0.519 0.421 
1745321021.0315144 0 0.000 0.000 0.000 0 0.00 0.000 0.000 0 0.000 0.000 0.0000 0.0000 0.519 0.421 
1745321021.0462365 0 0.000 0.000 0.000 0 0.00 0.000 0.000 0 0.000 0.000 0.0000 0.0000 0.52 0.421 
1745321021.0617778 0 0.000 0.000 0.000 0 0.00 0.000 0.000 0 0.000 0.000 0.0000 0.0000 0.52 0.421 
1745321021.0767334 0 0.000 0.000 0.000 0 0.00 0.000 0.000 0 0.000 0.000 0.0000 0.0000 0.508 0.422 
1745321021.0917506 0 0.000 0.000 0.000 0 0.00 0.000 0.000 0 0.000 0.000 0.0000 0.0000 0.508 0.422 
1745321021.1061733 0 0.000 0.000 0.000 0 0.00 0.000 0.000 0 0.000 0.000 0.0000 0.0000 0.499 0.422 
1745321021.1217318 0 0.000 0.000 0.000 0 0.00 0.000 0.000 0 0.000 0.000 0.0000 0.0000 0.499 0.422 
1745321021.136553 0 0.000 0.000 0.000 0 0.00 0.000 0.000 0 0.000 0.000 0.0000 0.0000 0.516 0.42 
1745321021.151992 0 0.000 0.000 0.000 0 0.00 0.000 0.000 0 0.000 0.000 0.0000 0.0000 0.516 0.42 
1745321021.166558 0 0.000 0.000 0.000 0 0.00 0.000 0.000 0 0.000 0.000 0.0000 0.0000 0.519 0.421 
1745321021.1821213 0 0.000 0.000 0.000 0 0.00 0.000 0.000 0 0.000 0.000 0.0000 0.0000 0.519 0.421 
1745321021.196689 0 0.000 0.000 0.000 0 0.00 0.000 0.000 0 0.000 0.000 0.0000 0.0000 0.519 0.421 
1745321021.2114003 0 0.000 0.000 0.000 0 0.00 0.000 0.000 0 0.000 0.000 0.0000 0.0000 0.519 0.421 
% 1745321021.221844 robobot/cmd/ti/alive 2025-04-22 13:23:30.677601
1745321021.2270677 0 0.000 0.000 0.000 0 0.00 0.000 0.000 0 0.000 0.000 0.0000 0.0000 0.51 0.421 
1745321021.241722 0 0.000 0.000 0.000 0 0.00 0.000 0.000 0 0.000 0.000 0.0000 0.0000 0.51 0.421 
1745321021.2571642 0 0.000 0.000 0.000 0 0.00 0.000 0.000 0 0.000 0.000 0.0000 0.0000 0.495 0.421 
1745321021.271631 0 0.000 0.000 0.000 0 0.00 0.000 0.000 0 0.000 0.000 0.0000 0.0000 0.495 0.421 
1745321021.287408 0 0.000 0.000 0.000 0 0.00 0.000 0.000 0 0.000 0.000 0.0000 0.0000 0.514 0.421 
1745321021.3018918 0 0.000 0.000 0.000 0 0.00 0.000 0.000 0 0.000 0.000 0.0000 0.0000 0.514 0.421 
1745321021.3174114 0 0.000 0.000 0.000 0 0.00 0.000 0.000 0 0.000 0.000 0.0000 0.0000 0.5 0.421 
1745321021.3317497 0 0.000 0.000 0.000 0 0.00 0.000 0.000 0 0.000 0.000 0.0000 0.0000 0.5 0.421 
1745321021.3473291 0 0.000 0.000 0.000 0 0.00 0.000 0.000 0 0.000 0.000 0.0000 0.0000 0.494 0.421 
1745321021.3617232 0 0.000 0.000 0.000 0 0.00 0.000 0.000 0 0.000 0.000 0.0000 0.0000 0.494 0.421 
1745321021.377391 0 0.000 0.000 0.000 0 0.00 0.000 0.000 0 0.000 0.000 0.0000 0.0000 0.491 0.42 
1745321021.3918114 0 0.000 0.000 0.000 0 0.00 0.000 0.000 0 0.000 0.000 0.0000 0.0000 0.491 0.42 
1745321021.407414 0 0.000 0.000 0.000 0 0.00 0.000 0.000 0 0.000 0.000 0.0000 0.0000 0.494 0.421 
1745321021.4217448 0 0.000 0.000 0.000 0 0.00 0.000 0.000 0 0.000 0.000 0.0000 0.0000 0.494 0.421 
1745321021.4372234 0 0.000 0.000 0.000 0 0.00 0.000 0.000 0 0.000 0.000 0.0000 0.0000 0.509 0.42 
1745321021.4526854 0 0.000 0.000 0.000 0 0.00 0.000 0.000 0 0.000 0.000 0.0000 0.0000 0.509 0.42 
1745321021.4670908 0 0.000 0.000 0.000 0 0.00 0.000 0.000 0 0.000 0.000 0.0000 0.0000 0.502 0.421 
1745321021.4825861 0 0.000 0.000 0.000 0 0.00 0.000 0.000 0 0.000 0.000 0.0000 0.0000 0.502 0.421 
1745321021.4970465 0 0.000 0.000 0.000 0 0.00 0.000 0.000 0 0.000 0.000 0.0000 0.0000 0.504 0.421 
1745321021.512569 0 0.000 0.000 0.000 0 0.00 0.000 0.000 0 0.000 0.000 0.0000 0.0000 0.504 0.421 
1745321021.5269625 0 0.000 0.000 0.000 0 0.00 0.000 0.000 0 0.000 0.000 0.0000 0.0000 0.515 0.42 
1745321021.542402 0 0.000 0.000 0.000 0 0.00 0.000 0.000 0 0.000 0.000 0.0000 0.0000 0.515 0.42 
1745321021.5567603 0 0.000 0.000 0.000 0 0.00 0.000 0.000 0 0.000 0.000 0.0000 0.0000 0.497 0.422 
1745321021.5724206 0 0.000 0.000 0.000 0 0.00 0.000 0.000 0 0.000 0.000 0.0000 0.0000 0.497 0.422 
1745321021.5869412 0 0.000 0.000 0.000 0 0.00 0.000 0.000 0 0.000 0.000 0.0000 0.0000 0.509 0.421 
1745321021.6023538 0 0.000 0.000 0.000 0 0.00 0.000 0.000 0 0.000 0.000 0.0000 0.0000 0.509 0.421 
1745321021.6168149 0 0.000 0.000 0.000 0 0.00 0.000 0.000 0 0.000 0.000 0.0000 0.0000 0.506 0.42 
1745321021.632384 0 0.000 0.000 0.000 0 0.00 0.000 0.000 0 0.000 0.000 0.0000 0.0000 0.506 0.42 
1745321021.6467705 0 0.000 0.000 0.000 0 0.00 0.000 0.000 0 0.000 0.000 0.0000 0.0000 0.497 0.421 
1745321021.662217 0 0.000 0.000 0.000 0 0.00 0.000 0.000 0 0.000 0.000 0.0000 0.0000 0.497 0.421 
1745321021.6778882 0 0.000 0.000 0.000 0 0.00 0.000 0.000 0 0.000 0.000 0.0000 0.0000 0.494 0.421 
1745321021.6924806 0 0.000 0.000 0.000 0 0.00 0.000 0.000 0 0.000 0.000 0.0000 0.0000 0.494 0.421 
1745321021.7077835 0 0.000 0.000 0.000 0 0.00 0.000 0.000 0 0.000 0.000 0.0000 0.0000 0.511 0.421 
1745321021.722143 0 0.000 0.000 0.000 0 0.00 0.000 0.000 0 0.000 0.000 0.0000 0.0000 0.511 0.421 
% 1745321021.7228942 robobot/cmd/ti/alive 2025-04-22 13:23:30.677601
1745321021.7377 0 0.000 0.000 0.000 0 0.00 0.000 0.000 0 0.000 0.000 0.0000 0.0000 0.501 0.421 
1745321021.7520149 0 0.000 0.000 0.000 0 0.00 0.000 0.000 0 0.000 0.000 0.0000 0.0000 0.501 0.421 
1745321021.7675598 0 0.000 0.000 0.000 0 0.00 0.000 0.000 0 0.000 0.000 0.0000 0.0000 0.498 0.421 
1745321021.7819653 0 0.000 0.000 0.000 0 0.00 0.000 0.000 0 0.000 0.000 0.0000 0.0000 0.498 0.421 
1745321021.7974048 0 0.000 0.000 0.000 0 0.00 0.000 0.000 0 0.000 0.000 0.0000 0.0000 0.492 0.422 
1745321021.812911 0 0.000 0.000 0.000 0 0.00 0.000 0.000 0 0.000 0.000 0.0000 0.0000 0.492 0.422 
1745321021.8273697 0 0.000 0.000 0.000 0 0.00 0.000 0.000 0 0.000 0.000 0.0000 0.0000 0.491 0.421 
1745321021.8430285 0 0.000 0.000 0.000 0 0.00 0.000 0.000 0 0.000 0.000 0.0000 0.0000 0.491 0.421 
1745321021.8575788 0 0.000 0.000 0.000 0 0.00 0.000 0.000 0 0.000 0.000 0.0000 0.0000 0.509 0.42 
1745321021.8728714 0 0.000 0.000 0.000 0 0.00 0.000 0.000 0 0.000 0.000 0.0000 0.0000 0.509 0.42 
1745321021.8870902 0 0.000 0.000 0.000 0 0.00 0.000 0.000 0 0.000 0.000 0.0000 0.0000 0.503 0.419 
1745321021.9024334 0 0.000 0.000 0.000 0 0.00 0.000 0.000 0 0.000 0.000 0.0000 0.0000 0.503 0.419 
1745321021.9180598 0 0.000 0.000 0.000 0 0.00 0.000 0.000 0 0.000 0.000 0.0000 0.0000 0.497 0.421 
1745321021.9325926 0 0.000 0.000 0.000 0 0.00 0.000 0.000 0 0.000 0.000 0.0000 0.0000 0.497 0.421 
1745321021.9483001 0 0.000 0.000 0.000 0 0.00 0.000 0.000 0 0.000 0.000 0.0000 0.0000 0.513 0.421 
1745321021.9626236 0 0.000 0.000 0.000 0 0.00 0.000 0.000 0 0.000 0.000 0.0000 0.0000 0.513 0.421 
1745321021.978259 0 0.000 0.000 0.000 0 0.00 0.000 0.000 0 0.000 0.000 0.0000 0.0000 0.518 0.421 
1745321021.992916 0 0.000 0.000 0.000 0 0.00 0.000 0.000 0 0.000 0.000 0.0000 0.0000 0.518 0.421 
1745321022.0083802 0 0.000 0.000 0.000 0 0.00 0.000 0.000 0 0.000 0.000 0.0000 0.0000 0.5 0.419 
1745321022.022662 0 0.000 0.000 0.000 0 0.00 0.000 0.000 0 0.000 0.000 0.0000 0.0000 0.5 0.419 
1745321022.0385416 0 0.000 0.000 0.000 0 0.00 0.000 0.000 0 0.000 0.000 0.0000 0.0000 0.5 0.418 
1745321022.0529912 0 0.000 0.000 0.000 0 0.00 0.000 0.000 0 0.000 0.000 0.0000 0.0000 0.5 0.418 
1745321022.067795 0 0.000 0.000 0.000 0 0.00 0.000 0.000 0 0.000 0.000 0.0000 0.0000 0.513 0.418 
1745321022.083141 0 0.000 0.000 0.000 0 0.00 0.000 0.000 0 0.000 0.000 0.0000 0.0000 0.513 0.418 
1745321022.0986319 0 0.000 0.000 0.000 0 0.00 0.000 0.000 0 0.000 0.000 0.0000 0.0000 0.517 0.42 
1745321022.1129873 0 0.000 0.000 0.000 0 0.00 0.000 0.000 0 0.000 0.000 0.0000 0.0000 0.517 0.42 
1745321022.128591 0 0.000 0.000 0.000 0 0.00 0.000 0.000 0 0.000 0.000 0.0000 0.0000 0.5 0.42 
1745321022.1431518 0 0.000 0.000 0.000 0 0.00 0.000 0.000 0 0.000 0.000 0.0000 0.0000 0.5 0.42 
1745321022.1576955 0 0.000 0.000 0.000 0 0.00 0.000 0.000 0 0.000 0.000 0.0000 0.0000 0.504 0.421 
1745321022.1732152 0 0.000 0.000 0.000 0 0.00 0.000 0.000 0 0.000 0.000 0.0000 0.0000 0.504 0.421 
1745321022.187791 0 0.000 0.000 0.000 0 0.00 0.000 0.000 0 0.000 0.000 0.0000 0.0000 0.517 0.42 
1745321022.2035217 0 0.000 0.000 0.000 0 0.00 0.000 0.000 0 0.000 0.000 0.0000 0.0000 0.517 0.42 
1745321022.2182088 0 0.000 0.000 0.000 0 0.00 0.000 0.000 0 0.000 0.000 0.0000 0.0000 0.518 0.421 
% 1745321022.2239635 robobot/cmd/ti/alive 2025-04-22 13:23:30.677601
1745321022.2335634 0 0.000 0.000 0.000 0 0.00 0.000 0.000 0 0.000 0.000 0.0000 0.0000 0.518 0.421 
1745321022.2482283 0 0.000 0.000 0.000 0 0.00 0.000 0.000 0 0.000 0.000 0.0000 0.0000 0.519 0.422 
1745321022.263698 0 0.000 0.000 0.000 0 0.00 0.000 0.000 0 0.000 0.000 0.0000 0.0000 0.519 0.422 
1745321022.2784307 0 0.000 0.000 0.000 0 0.00 0.000 0.000 0 0.000 0.000 0.0000 0.0000 0.503 0.421 
1745321022.2929525 0 0.000 0.000 0.000 0 0.00 0.000 0.000 0 0.000 0.000 0.0000 0.0000 0.503 0.421 
1745321022.3087556 0 0.000 0.000 0.000 0 0.00 0.000 0.000 0 0.000 0.000 0.0000 0.0000 0.495 0.418 
1745321022.3230712 0 0.000 0.000 0.000 0 0.00 0.000 0.000 0 0.000 0.000 0.0000 0.0000 0.495 0.418 
1745321022.3379335 0 0.000 0.000 0.000 0 0.00 0.000 0.000 0 0.000 0.000 0.0000 0.0000 0.491 0.419 
1745321022.353265 0 0.000 0.000 0.000 0 0.00 0.000 0.000 0 0.000 0.000 0.0000 0.0000 0.491 0.419 
1745321022.367801 0 0.000 0.000 0.000 0 0.00 0.000 0.000 0 0.000 0.000 0.0000 0.0000 0.513 0.419 
1745321022.3832633 0 0.000 0.000 0.000 0 0.00 0.000 0.000 0 0.000 0.000 0.0000 0.0000 0.513 0.419 
% 1745321022.3946877 robobot/cmd/ti/rc 0 0
1745321022.398097 0 0.000 0.000 0.000 0 0.00 0.000 0.000 0 0.000 0.000 0.0000 0.0000 0.519 0.421 
1745321022.4134157 0 0.000 0.000 0.000 0 0.00 0.000 0.000 0 0.000 0.000 0.0000 0.0000 0.519 0.421 
% 1745321022.4148626 robobot/cmd/T0/stop  
% 1745321022.414909 robobot/cmd/T0/leds 14 0 0 0
% 1745321022.4251506 robobot/cmd/T0/leds 15 0 0 0
% 1745321022.4252791 robobot/cmd/T0/leds 16 0 0 0
1745321022.4283834 0 0.000 0.000 0.000 0 0.00 0.000 0.000 0 0.000 0.000 0.0000 0.0000 0.511 0.421 
% 1745321022.4354317 robobot/cmd/ti/log 0
